timestamp_us,ref_x,ref_y,ref_z,pos_x,pos_y,pos_z,controller
70548000,-0.014751,-0.011654,-4.683391,-0.014414,-0.013222,-4.685572,sysid
70568000,-0.014751,-0.011654,-4.683391,-0.014417,-0.013341,-4.685720,sysid
70588000,-0.014751,-0.011654,-4.683391,-0.014469,-0.013556,-4.685990,sysid
70608000,-0.014751,-0.011654,-4.683391,-0.014500,-0.013704,-4.686183,sysid
70628000,-0.014751,-0.011654,-4.683391,-0.014541,-0.013932,-4.686486,sysid
70648000,-0.014751,-0.011654,-4.683391,-0.014553,-0.014092,-4.686737,sysid
70668000,-0.014751,-0.011654,-4.683391,-0.014569,-0.014336,-4.687088,sysid
70688000,-0.014751,-0.011654,-4.683391,-0.014576,-0.014508,-4.687335,sysid
70708000,-0.014751,-0.011654,-4.683391,-0.014555,-0.014756,-4.687708,sysid
70728000,-0.014751,-0.011654,-4.683391,-0.014534,-0.014912,-4.687953,sysid
70748000,-0.014751,-0.011654,-4.683391,-0.014433,-0.015124,-4.688325,sysid
70768000,-0.014751,-0.011654,-4.683391,-0.014341,-0.015252,-4.688569,sysid
70788000,-0.014751,-0.011654,-4.683391,-0.014167,-0.015423,-4.688866,sysid
70808000,-0.014751,-0.011654,-4.683391,-0.014026,-0.015489,-4.689081,sysid
70828000,-0.014751,-0.011654,-4.683391,-0.013826,-0.015582,-4.689374,sysid
70848000,-0.014751,-0.011654,-4.683391,-0.013675,-0.015589,-4.689620,sysid
70868000,-0.014751,-0.011654,-4.683391,-0.013420,-0.015591,-4.689950,sysid
70888000,-0.014751,-0.011654,-4.683391,-0.013206,-0.015583,-4.690147,sysid
70908000,-0.014751,-0.011654,-4.683391,-0.012856,-0.015573,-4.690398,sysid
70928000,-0.014751,-0.011654,-4.683391,-0.012620,-0.015566,-4.690539,sysid
70948000,-0.014751,-0.011654,-4.683391,-0.012234,-0.015540,-4.690679,sysid
70968000,-0.014751,-0.011654,-4.683391,-0.011979,-0.015517,-4.690758,sysid
70988000,-0.014751,-0.011654,-4.683391,-0.011597,-0.015473,-4.690840,sysid
71008000,-0.014751,-0.011654,-4.683391,-0.011341,-0.015412,-4.690838,sysid
71028000,-0.014751,-0.011654,-4.683391,-0.010969,-0.015308,-4.690799,sysid
71048000,-0.014751,-0.011654,-4.683391,-0.010727,-0.015223,-4.690756,sysid
71068000,-0.014751,-0.011654,-4.683391,-0.010389,-0.015049,-4.690648,sysid
71088000,-0.014751,-0.011654,-4.683391,-0.010177,-0.014918,-4.690551,sysid
71108000,-0.014751,-0.011654,-4.683391,-0.009852,-0.014671,-4.690360,sysid
71128000,-0.014751,-0.011654,-4.683391,-0.009637,-0.014491,-4.690217,sysid
71148000,-0.014751,-0.011654,-4.683391,-0.009266,-0.014199,-4.689932,sysid
71168000,-0.014751,-0.011654,-4.683391,-0.009009,-0.013993,-4.689723,sysid
71188000,-0.014751,-0.011654,-4.683391,-0.008608,-0.013669,-4.689387,sysid
71208000,-0.014751,-0.011654,-4.683391,-0.008327,-0.013414,-4.689161,sysid
71228000,-0.014751,-0.011654,-4.683391,-0.007932,-0.013024,-4.688815,sysid
71248000,-0.014751,-0.011654,-4.683391,-0.007689,-0.012751,-4.688573,sysid
71268000,-0.014751,-0.011654,-4.683391,-0.007332,-0.012332,-4.688258,sysid
71288000,-0.014751,-0.011654,-4.683391,-0.007102,-0.012052,-4.688050,sysid
71308000,-0.014751,-0.011654,-4.683391,-0.006779,-0.011603,-4.687755,sysid
71348000,-0.014751,-0.011654,-4.683391,-0.006280,-0.010823,-4.687144,sysid
71348000,-0.014751,-0.011654,-4.683391,-0.006280,-0.010823,-4.687144,sysid
71368000,-0.014751,-0.011654,-4.683391,-0.006096,-0.010491,-4.686912,sysid
71388000,-0.014751,-0.011654,-4.683391,-0.005836,-0.009969,-4.686570,sysid
71408000,-0.014751,-0.011654,-4.683391,-0.005688,-0.009585,-4.686364,sysid
71428000,-0.014751,-0.011654,-4.683391,-0.005489,-0.009007,-4.686076,sysid
71448000,-0.014751,-0.011654,-4.683391,-0.005378,-0.008613,-4.685914,sysid
71468000,-0.014751,-0.011654,-4.683391,-0.005242,-0.008031,-4.685707,sysid
71488000,-0.014751,-0.011654,-4.683391,-0.005164,-0.007651,-4.685582,sysid
71508000,-0.014751,-0.011654,-4.683391,-0.005043,-0.007139,-4.685396,sysid
71528000,-0.014751,-0.011654,-4.683391,-0.004972,-0.006825,-4.685281,sysid
71548000,-0.014751,-0.011654,-4.683391,-0.004881,-0.006397,-4.685121,sysid
71568000,-0.014751,-0.011654,-4.683391,-0.004814,-0.006149,-4.685067,sysid
71588000,-0.014751,-0.011654,-4.683391,-0.004716,-0.005791,-4.684990,sysid
71608000,-0.014751,-0.011654,-4.683391,-0.004653,-0.005564,-4.684941,sysid
71628000,-0.014751,-0.011654,-4.683391,-0.004575,-0.005244,-4.684850,sysid
71648000,-0.014751,-0.011654,-4.683391,-0.004543,-0.005051,-4.684776,sysid
71668000,-0.014751,-0.011654,-4.683391,-0.004509,-0.004786,-4.684665,sysid
71688000,-0.014751,-0.011654,-4.683391,-0.004492,-0.004621,-4.684593,sysid
71708000,-0.014751,-0.011654,-4.683391,-0.004450,-0.004405,-4.684496,sysid
71728000,-0.014751,-0.011654,-4.683391,-0.004418,-0.004290,-4.684441,sysid
71748000,-0.014751,-0.011654,-4.683391,-0.004367,-0.004157,-4.684319,sysid
71768000,-0.014751,-0.011654,-4.683391,-0.004343,-0.004125,-4.684241,sysid
71788000,-0.014751,-0.011654,-4.683391,-0.004310,-0.004101,-4.684126,sysid
71808000,-0.014751,-0.011654,-4.683391,-0.004290,-0.004109,-4.684059,sysid
71828000,-0.014751,-0.011654,-4.683391,-0.004272,-0.004153,-4.683941,sysid
71848000,-0.014751,-0.011654,-4.683391,-0.004264,-0.004192,-4.683858,sysid
71868000,-0.014751,-0.011654,-4.683391,-0.004286,-0.004301,-4.683670,sysid
71888000,-0.014751,-0.011654,-4.683391,-0.004301,-0.004374,-4.683550,sysid
71908000,-0.014751,-0.011654,-4.683391,-0.004342,-0.004554,-4.683316,sysid
71928000,-0.014751,-0.011654,-4.683391,-0.004385,-0.004698,-4.683145,sysid
71948000,-0.014751,-0.011654,-4.683391,-0.004476,-0.004951,-4.682852,sysid
71968000,-0.014751,-0.011654,-4.683391,-0.004557,-0.005169,-4.682590,sysid
71988000,-0.014751,-0.011654,-4.683391,-0.004674,-0.005526,-4.682138,sysid
72008000,-0.014751,-0.011654,-4.683391,-0.004747,-0.005807,-4.681818,sysid
72028000,-0.014751,-0.011654,-4.683391,-0.004829,-0.006292,-4.681321,sysid
72048000,-0.014751,-0.011654,-4.683391,-0.004876,-0.006632,-4.680998,sysid
72068000,-0.014751,-0.011654,-4.683391,-0.004907,-0.007253,-4.680459,sysid
72088000,-0.014751,-0.011654,-4.683391,-0.004925,-0.007683,-4.680092,sysid
72108000,-0.014751,-0.011654,-4.683391,-0.004946,-0.008351,-4.679547,sysid
72148000,-0.014751,-0.011654,-4.683391,-0.004970,-0.009527,-4.678624,sysid
72148000,-0.014751,-0.011654,-4.683391,-0.004970,-0.009527,-4.678624,sysid
72168000,-0.014751,-0.011654,-4.683391,-0.004955,-0.010035,-4.678259,sysid
72188000,-0.014751,-0.011654,-4.683391,-0.004928,-0.010803,-4.677734,sysid
72208000,-0.014751,-0.011654,-4.683391,-0.004901,-0.011336,-4.677383,sysid
72228000,-0.014751,-0.011654,-4.683391,-0.004883,-0.012194,-4.676837,sysid
72248000,-0.014751,-0.011654,-4.683391,-0.004879,-0.012775,-4.676495,sysid
72268000,-0.014751,-0.011654,-4.683391,-0.004869,-0.013753,-4.676000,sysid
72288000,-0.014751,-0.011654,-4.683391,-0.004876,-0.014423,-4.675692,sysid
72308000,-0.014751,-0.011654,-4.683391,-0.004907,-0.015452,-4.675251,sysid
72328000,-0.014751,-0.011654,-4.683391,-0.004962,-0.016170,-4.674963,sysid
72348000,-0.014751,-0.011654,-4.683391,-0.005069,-0.017243,-4.674568,sysid
72368000,-0.014751,-0.011654,-4.683391,-0.005174,-0.017976,-4.674307,sysid
72388000,-0.014751,-0.011654,-4.683391,-0.005360,-0.019103,-4.673929,sysid
72408000,-0.014751,-0.011654,-4.683391,-0.005492,-0.019849,-4.673673,sysid
72428000,-0.014751,-0.011654,-4.683391,-0.005730,-0.021006,-4.673291,sysid
72448000,-0.014751,-0.011654,-4.683391,-0.005900,-0.021773,-4.673053,sysid
72468000,-0.014751,-0.011654,-4.683391,-0.006183,-0.022977,-4.672668,sysid
72488000,-0.014751,-0.011654,-4.683391,-0.006385,-0.023782,-4.672407,sysid
72508000,-0.014751,-0.011654,-4.683391,-0.006704,-0.024993,-4.672011,sysid
72528000,-0.014751,-0.011654,-4.683391,-0.006952,-0.025826,-4.671719,sysid
72548000,-0.014751,-0.011654,-4.683391,-0.007335,-0.027042,-4.671310,sysid
72568000,-0.014751,-0.011654,-4.683391,-0.007610,-0.027837,-4.671046,sysid
72588000,-0.014751,-0.011654,-4.683391,-0.008049,-0.028990,-4.670660,sysid
72608000,-0.014751,-0.011654,-4.683391,-0.008348,-0.029728,-4.670422,sysid
72628000,-0.014751,-0.011654,-4.683391,-0.008839,-0.030856,-4.670061,sysid
72648000,-0.014751,-0.011654,-4.683391,-0.009173,-0.031599,-4.669861,sysid
72668000,-0.014751,-0.011654,-4.683391,-0.009681,-0.032699,-4.669585,sysid
72688000,-0.014751,-0.011654,-4.683391,-0.010018,-0.033424,-4.669417,sysid
72708000,-0.014751,-0.011654,-4.683391,-0.010520,-0.034494,-4.669206,sysid
72728000,-0.014751,-0.011654,-4.683391,-0.010886,-0.035227,-4.669040,sysid
72748000,-0.014751,-0.011654,-4.683391,-0.011433,-0.036300,-4.668808,sysid
72768000,-0.014751,-0.011654,-4.683391,-0.011806,-0.037015,-4.668634,sysid
72788000,-0.014751,-0.011654,-4.683391,-0.012356,-0.038091,-4.668358,sysid
72808000,-0.014751,-0.011654,-4.683391,-0.012713,-0.038791,-4.668184,sysid
72828000,-0.014751,-0.011654,-4.683391,-0.013249,-0.039837,-4.667913,sysid
72848000,-0.014751,-0.011654,-4.683391,-0.013605,-0.040508,-4.667743,sysid
72868000,-0.014751,-0.011654,-4.683391,-0.014133,-0.041478,-4.666816,sysid
72888000,-0.014751,-0.011654,-4.683391,-0.014482,-0.042121,-4.664859,sysid
72908000,-0.014751,-0.011654,-4.683391,-0.014992,-0.043028,-4.664268,sysid
72948000,-0.014751,-0.011654,-4.683391,-0.015803,-0.044341,-4.663918,sysid
72948000,-0.014751,-0.011654,-4.683391,-0.015803,-0.044341,-4.663918,sysid
72968000,-0.014751,-0.011654,-4.683391,-0.016123,-0.044817,-4.663555,sysid
72988000,-0.014751,-0.011654,-4.683391,-0.016583,-0.045460,-4.662807,sysid
73008000,-0.014751,-0.011654,-4.683391,-0.016875,-0.045842,-4.662204,sysid
73028000,-0.014751,-0.011654,-4.683391,-0.017356,-0.046368,-4.661172,sysid
73048000,-0.014751,-0.011654,-4.623391,-0.017679,-0.046667,-4.660410,sysid
73068000,-0.014751,-0.011654,-4.623391,-0.018161,-0.047036,-4.659182,sysid
73088000,-0.014751,-0.011654,-4.623391,-0.018489,-0.047243,-4.658276,sysid
73108000,-0.014751,-0.011654,-4.623391,-0.018965,-0.047484,-4.656853,sysid
73128000,-0.014751,-0.011654,-4.623391,-0.019276,-0.047592,-4.655871,sysid
73148000,-0.014751,-0.011654,-4.623391,-0.019736,-0.047682,-4.654330,sysid
73168000,-0.014751,-0.011654,-4.623391,-0.020034,-0.047700,-4.653280,sysid
73188000,-0.014751,-0.011654,-4.623391,-0.020499,-0.047645,-4.651634,sysid
73208000,-0.014751,-0.011654,-4.623391,-0.020794,-0.047579,-4.650547,sysid
73228000,-0.014751,-0.011654,-4.623391,-0.021295,-0.047356,-4.648886,sysid
73248000,-0.014751,-0.011654,-4.623391,-0.021643,-0.047169,-4.647775,sysid
73268000,-0.014751,-0.011654,-4.623391,-0.022184,-0.046830,-4.646108,sysid
73288000,-0.014751,-0.011654,-4.623391,-0.022571,-0.046573,-4.644972,sysid
73308000,-0.014751,-0.011654,-4.623391,-0.023160,-0.046147,-4.643288,sysid
73328000,-0.014751,-0.011654,-4.623391,-0.023579,-0.045828,-4.642164,sysid
73348000,-0.014751,-0.011654,-4.623391,-0.024243,-0.045297,-4.640515,sysid
73368000,-0.014751,-0.011654,-4.623391,-0.024684,-0.044921,-4.639457,sysid
73388000,-0.014751,-0.011654,-4.623391,-0.025403,-0.044340,-4.637937,sysid
73408000,-0.014751,-0.011654,-4.623391,-0.025885,-0.043943,-4.636967,sysid
73428000,-0.014751,-0.011654,-4.623391,-0.026611,-0.043335,-4.635590,sysid
73448000,-0.014751,-0.011654,-4.623391,-0.027131,-0.042886,-4.634691,sysid
73468000,-0.014751,-0.011654,-4.623391,-0.027879,-0.042205,-4.633400,sysid
73488000,-0.014751,-0.011654,-4.623391,-0.028434,-0.041734,-4.632559,sysid
73508000,-0.014751,-0.011654,-4.623391,-0.029260,-0.041017,-4.631349,sysid
73528000,-0.014751,-0.011654,-4.623391,-0.029828,-0.040533,-4.630573,sysid
73548000,-0.014751,-0.011654,-4.623391,-0.030687,-0.039794,-4.629445,sysid
73568000,-0.014751,-0.011654,-4.623391,-0.031248,-0.039297,-4.628723,sysid
73588000,-0.014751,-0.011654,-4.623391,-0.032125,-0.038542,-4.627656,sysid
73608000,-0.014751,-0.011654,-4.623391,-0.032695,-0.038032,-4.626978,sysid
73628000,-0.014751,-0.011654,-4.623391,-0.033529,-0.037257,-4.626006,sysid
73648000,-0.014751,-0.011654,-4.623391,-0.034100,-0.036716,-4.625383,sysid
73668000,-0.014751,-0.011654,-4.623391,-0.034934,-0.035895,-4.624540,sysid
73688000,-0.014751,-0.011654,-4.623391,-0.035486,-0.035332,-4.624012,sysid
73708000,-0.014751,-0.011654,-4.623391,-0.036318,-0.034458,-4.623281,sysid
73748000,-0.014751,-0.011654,-4.623391,-0.037627,-0.032957,-4.622203,sysid
73748000,-0.014751,-0.011654,-4.623391,-0.037627,-0.032957,-4.622203,sysid
73768000,-0.014751,-0.011654,-4.623391,-0.038111,-0.032343,-4.621815,sysid
73788000,-0.014751,-0.011654,-4.623391,-0.038773,-0.031357,-4.621306,sysid
73808000,-0.014751,-0.011654,-4.623391,-0.039197,-0.030676,-4.621002,sysid
73828000,-0.014751,-0.011654,-4.623391,-0.039806,-0.029622,-4.620596,sysid
73848000,-0.014751,-0.011654,-4.623391,-0.040201,-0.028907,-4.620396,sysid
73868000,-0.014751,-0.011654,-4.623391,-0.040758,-0.027853,-4.620127,sysid
73888000,-0.014751,-0.011654,-4.623391,-0.041115,-0.027159,-4.619975,sysid
73908000,-0.014751,-0.011654,-4.623391,-0.041611,-0.026144,-4.619802,sysid
73928000,-0.014751,-0.011654,-4.623391,-0.041911,-0.025481,-4.619696,sysid
73948000,-0.014751,-0.011654,-4.623391,-0.042339,-0.024506,-4.619548,sysid
73968000,-0.014751,-0.011654,-4.623391,-0.042603,-0.023866,-4.619475,sysid
73988000,-0.014751,-0.011654,-4.623391,-0.042966,-0.022921,-4.619375,sysid
74008000,-0.014751,-0.011654,-4.623391,-0.043188,-0.022301,-4.619319,sysid
74028000,-0.014751,-0.011654,-4.623391,-0.043490,-0.021389,-4.619281,sysid
74048000,-0.014751,-0.011654,-4.623391,-0.043665,-0.020788,-4.619258,sysid
74068000,-0.014751,-0.011654,-4.623391,-0.043890,-0.019898,-4.619236,sysid
74088000,-0.014751,-0.011654,-4.623391,-0.044019,-0.019309,-4.619236,sysid
74108000,-0.014751,-0.011654,-4.623391,-0.044205,-0.018447,-4.619236,sysid
74128000,-0.014751,-0.011654,-4.623391,-0.044312,-0.017885,-4.619238,sysid
74148000,-0.014751,-0.011654,-4.623391,-0.044452,-0.017083,-4.619230,sysid
74168000,-0.014751,-0.011654,-4.623391,-0.044536,-0.016548,-4.619225,sysid
74188000,-0.014751,-0.011654,-4.623391,-0.044648,-0.015746,-4.619217,sysid
74208000,-0.014751,-0.011654,-4.623391,-0.044730,-0.015220,-4.619209,sysid
74228000,-0.014751,-0.011654,-4.623391,-0.044802,-0.014445,-4.619195,sysid
74248000,-0.014751,-0.011654,-4.623391,-0.044808,-0.013938,-4.619184,sysid
74268000,-0.014751,-0.011654,-4.623391,-0.044767,-0.013198,-4.619225,sysid
74288000,-0.014751,-0.011654,-4.623391,-0.044699,-0.012722,-4.619266,sysid
74308000,-0.014751,-0.011654,-4.623391,-0.044533,-0.012029,-4.619364,sysid
74328000,-0.014751,-0.011654,-4.623391,-0.044393,-0.011579,-4.619438,sysid
74348000,-0.014751,-0.011654,-4.623391,-0.044089,-0.010930,-4.619550,sysid
74368000,-0.014751,-0.011654,-4.623391,-0.043855,-0.010522,-4.619620,sysid
74388000,-0.014751,-0.011654,-4.623391,-0.043453,-0.009947,-4.619750,sysid
74408000,-0.014751,-0.011654,-4.623391,-0.043131,-0.009597,-4.619817,sysid
74428000,-0.014751,-0.011654,-4.623391,-0.042614,-0.009104,-4.619913,sysid
74448000,-0.014751,-0.011654,-4.623391,-0.042237,-0.008812,-4.619984,sysid
74468000,-0.014751,-0.011654,-4.623391,-0.041647,-0.008423,-4.620063,sysid
74488000,-0.014751,-0.011654,-4.623391,-0.041242,-0.008182,-4.620106,sysid
74508000,-0.014751,-0.011654,-4.623391,-0.040680,-0.007915,-4.620124,sysid
74528000,-0.014751,-0.011654,-4.623391,-0.040298,-0.007739,-4.620132,sysid
74548000,-0.014751,-0.011654,-4.623391,-0.039732,-0.007558,-4.620100,sysid
74568000,-0.014751,-0.011654,-4.623391,-0.039340,-0.007457,-4.620067,sysid
74588000,-0.014751,-0.011654,-4.623391,-0.038734,-0.007330,-4.619999,sysid
74608000,-0.014751,-0.011654,-4.623391,-0.038296,-0.007279,-4.619936,sysid
74628000,-0.014751,-0.011654,-4.623391,-0.037610,-0.007228,-4.619851,sysid
74648000,-0.014751,-0.011654,-4.623391,-0.037116,-0.007229,-4.619796,sysid
74668000,-0.014751,-0.011654,-4.623391,-0.036353,-0.007276,-4.619706,sysid
74688000,-0.014751,-0.011654,-4.623391,-0.035838,-0.007324,-4.619645,sysid
74708000,-0.014751,-0.011654,-4.623391,-0.035020,-0.007450,-4.619572,sysid
74728000,-0.014751,-0.011654,-4.623391,-0.034467,-0.007538,-4.619537,sysid
74748000,-0.014751,-0.011654,-4.623391,-0.033628,-0.007675,-4.619504,sysid
74768000,-0.014751,-0.011654,-4.623391,-0.033041,-0.007754,-4.619469,sysid
74788000,-0.014751,-0.011654,-4.623391,-0.032167,-0.007869,-4.619420,sysid
74808000,-0.014751,-0.011654,-4.623391,-0.031562,-0.007909,-4.619390,sysid
74828000,-0.014751,-0.011654,-4.623391,-0.030662,-0.007949,-4.619328,sysid
74848000,-0.014751,-0.011654,-4.623391,-0.030066,-0.007947,-4.619260,sysid
74868000,-0.014751,-0.011654,-4.623391,-0.029178,-0.007896,-4.619124,sysid
74888000,-0.014751,-0.011654,-4.623391,-0.028594,-0.007851,-4.619026,sysid
74908000,-0.014751,-0.011654,-4.623391,-0.027748,-0.007808,-4.618831,sysid
74928000,-0.014751,-0.011654,-4.623391,-0.027212,-0.007795,-4.618683,sysid
74948000,-0.014751,-0.011654,-4.623391,-0.026450,-0.007797,-4.618440,sysid
74968000,-0.014751,-0.011654,-4.623391,-0.025962,-0.007809,-4.618251,sysid
74988000,-0.014751,-0.011654,-4.623391,-0.025254,-0.007839,-4.618013,sysid
75008000,-0.014751,-0.011654,-4.623391,-0.024806,-0.007873,-4.617845,sysid
75028000,-0.014751,-0.011654,-4.623391,-0.024133,-0.007944,-4.617576,sysid
75048000,-0.014751,-0.011654,-4.623391,-0.023687,-0.007999,-4.617399,sysid
75068000,-0.014751,-0.011654,-4.623391,-0.023032,-0.008097,-4.617122,sysid
75088000,-0.014751,-0.011654,-4.623391,-0.022605,-0.008168,-4.616941,sysid
75108000,-0.014751,-0.011654,-4.623391,-0.021979,-0.008283,-4.616685,sysid
75148000,-0.014751,-0.011654,-4.623391,-0.020992,-0.008482,-4.616259,sysid
75148000,-0.014751,-0.011654,-4.623391,-0.020992,-0.008482,-4.616259,sysid
75168000,-0.014751,-0.011654,-4.623391,-0.020609,-0.008555,-4.616090,sysid
75188000,-0.014751,-0.011654,-4.623391,-0.020040,-0.008672,-4.615845,sysid
75208000,-0.014751,-0.011654,-4.623391,-0.019659,-0.008759,-4.615678,sysid
75228000,-0.014751,-0.011654,-4.623391,-0.019075,-0.008884,-4.615446,sysid
75248000,-0.014751,-0.011654,-4.623391,-0.018687,-0.008965,-4.615300,sysid
75268000,-0.014751,-0.011654,-4.623391,-0.018047,-0.009067,-4.615061,sysid
75288000,-0.014751,-0.011654,-4.623391,-0.017600,-0.009128,-4.614911,sysid
75308000,-0.014751,-0.011654,-4.623391,-0.016901,-0.009210,-4.614687,sysid
75328000,-0.014751,-0.011654,-4.623391,-0.016425,-0.009284,-4.614540,sysid
75348000,-0.014751,-0.011654,-4.623391,-0.015699,-0.009422,-4.614347,sysid
75368000,-0.014751,-0.011654,-4.623391,-0.015212,-0.009525,-4.614766,sysid
75388000,-0.014751,-0.011654,-4.623391,-0.014500,-0.009693,-4.617800,sysid
75408000,-0.014751,-0.011654,-4.623391,-0.014041,-0.009815,-4.619323,sysid
75428000,-0.014751,-0.011654,-4.623391,-0.013376,-0.010034,-4.621636,sysid
75448000,-0.014751,-0.011654,-4.623391,-0.012953,-0.010190,-4.623214,sysid
75468000,-0.014751,-0.011654,-4.623391,-0.012322,-0.010457,-4.625707,sysid
75488000,-0.014751,-0.011654,-4.623391,-0.011908,-0.010631,-4.627398,sysid
75508000,-0.014751,-0.011654,-4.623391,-0.011298,-0.010883,-4.629972,sysid
75528000,-0.014751,-0.011654,-4.623391,-0.010895,-0.011041,-4.631710,sysid
75548000,-0.014751,-0.011654,-4.703391,-0.010319,-0.011261,-4.634255,sysid
75568000,-0.014751,-0.011654,-4.703391,-0.009949,-0.011389,-4.635916,sysid
75588000,-0.014751,-0.011654,-4.703391,-0.009424,-0.011564,-4.638356,sysid
75608000,-0.014751,-0.011654,-4.703391,-0.009089,-0.011661,-4.639952,sysid
75628000,-0.014751,-0.011654,-4.703391,-0.008612,-0.011817,-4.642304,sysid
75648000,-0.014751,-0.011654,-4.703391,-0.008311,-0.011925,-4.643836,sysid
75668000,-0.014751,-0.011654,-4.703391,-0.007953,-0.012121,-4.646120,sysid
75688000,-0.014751,-0.011654,-4.703391,-0.007757,-0.012256,-4.647613,sysid
75708000,-0.014751,-0.011654,-4.703391,-0.007524,-0.012468,-4.649803,sysid
75728000,-0.014751,-0.011654,-4.703391,-0.007411,-0.012602,-4.651238,sysid
75748000,-0.014751,-0.011654,-4.703391,-0.007261,-0.012785,-4.653337,sysid
75768000,-0.014751,-0.011654,-4.703391,-0.007176,-0.012887,-4.654721,sysid
75788000,-0.014751,-0.011654,-4.703391,-0.007051,-0.013034,-4.656756,sysid
75808000,-0.014751,-0.011654,-4.703391,-0.006975,-0.013129,-4.658073,sysid
75828000,-0.014751,-0.011654,-4.703391,-0.006869,-0.013246,-4.660049,sysid
75848000,-0.014751,-0.011654,-4.703391,-0.006806,-0.013325,-4.661319,sysid
75868000,-0.014751,-0.011654,-4.703391,-0.006721,-0.013426,-4.663182,sysid
75888000,-0.014751,-0.011654,-4.703391,-0.006667,-0.013483,-4.664377,sysid
75908000,-0.014751,-0.011654,-4.703391,-0.006589,-0.013557,-4.666100,sysid
75928000,-0.014751,-0.011654,-4.703391,-0.006521,-0.013602,-4.667179,sysid
75948000,-0.014751,-0.011654,-4.703391,-0.006431,-0.013646,-4.668731,sysid
75968000,-0.014751,-0.011654,-4.703391,-0.006382,-0.013644,-4.669717,sysid
75988000,-0.014751,-0.011654,-4.703391,-0.006305,-0.013654,-4.671128,sysid
76008000,-0.014751,-0.011654,-4.703391,-0.006255,-0.013664,-4.672027,sysid
76028000,-0.014751,-0.011654,-4.703391,-0.006223,-0.013720,-4.673301,sysid
76048000,-0.014751,-0.011654,-4.703391,-0.006217,-0.013752,-4.674126,sysid
76068000,-0.014751,-0.011654,-4.703391,-0.006228,-0.013797,-4.675331,sysid
76088000,-0.014751,-0.011654,-4.703391,-0.006245,-0.013824,-4.676120,sysid
76108000,-0.014751,-0.011654,-4.703391,-0.006277,-0.013862,-4.677258,sysid
76128000,-0.014751,-0.011654,-4.703391,-0.006315,-0.013899,-4.678030,sysid
76148000,-0.014751,-0.011654,-4.703391,-0.006380,-0.013953,-4.679146,sysid
76168000,-0.014751,-0.011654,-4.703391,-0.006429,-0.013990,-4.679870,sysid
76188000,-0.014751,-0.011654,-4.703391,-0.006538,-0.014026,-4.680927,sysid
76208000,-0.014751,-0.011654,-4.703391,-0.006622,-0.014044,-4.681601,sysid
76228000,-0.014751,-0.011654,-4.703391,-0.006782,-0.014042,-4.682590,sysid
76248000,-0.014751,-0.011654,-4.703391,-0.006886,-0.014034,-4.683232,sysid
76268000,-0.014751,-0.011654,-4.703391,-0.007041,-0.014015,-4.684152,sysid
76288000,-0.014751,-0.011654,-4.703391,-0.007101,-0.013991,-4.684729,sysid
76308000,-0.014751,-0.011654,-4.703391,-0.007179,-0.013961,-4.685563,sysid
76328000,-0.014751,-0.011654,-4.703391,-0.007212,-0.013942,-4.686097,sysid
76348000,-0.014751,-0.011654,-4.703391,-0.007245,-0.013894,-4.686875,sysid
76368000,-0.014751,-0.011654,-4.703391,-0.007265,-0.013860,-4.687374,sysid
76388000,-0.014751,-0.011654,-4.703391,-0.007274,-0.013833,-4.688095,sysid
76408000,-0.014751,-0.011654,-4.703391,-0.007276,-0.013826,-4.688556,sysid
76428000,-0.014751,-0.011654,-4.703391,-0.007265,-0.013806,-4.689207,sysid
76448000,-0.014751,-0.011654,-4.703391,-0.007251,-0.013792,-4.689613,sysid
76468000,-0.014751,-0.011654,-4.703391,-0.007222,-0.013766,-4.690186,sysid
76488000,-0.014751,-0.011654,-4.703391,-0.007218,-0.013748,-4.690544,sysid
76508000,-0.014751,-0.011654,-4.703391,-0.007228,-0.013727,-4.691058,sysid
76528000,-0.014751,-0.011654,-4.703391,-0.007252,-0.013715,-4.691385,sysid
76548000,-0.014751,-0.011654,-4.703391,-0.007303,-0.013717,-4.691881,sysid
76568000,-0.014751,-0.011654,-4.703391,-0.007344,-0.013725,-4.692203,sysid
76588000,-0.014751,-0.011654,-4.703391,-0.007435,-0.013752,-4.692642,sysid
76608000,-0.014751,-0.011654,-4.703391,-0.007512,-0.013789,-4.692927,sysid
76628000,-0.014751,-0.011654,-4.703391,-0.007652,-0.013870,-4.693319,sysid
76648000,-0.014751,-0.011654,-4.703391,-0.007758,-0.013934,-4.693557,sysid
76668000,-0.014751,-0.011654,-4.703391,-0.007939,-0.014043,-4.693893,sysid
76688000,-0.014751,-0.011654,-4.703391,-0.008056,-0.014114,-4.694090,sysid
76708000,-0.014751,-0.011654,-4.703391,-0.008243,-0.014231,-4.694372,sysid
76728000,-0.014751,-0.011654,-4.703391,-0.008378,-0.014319,-4.694547,sysid
76748000,-0.014751,-0.011654,-4.703391,-0.008612,-0.014485,-4.694777,sysid
76768000,-0.014751,-0.011654,-4.703391,-0.008778,-0.014606,-4.694918,sysid
76788000,-0.014751,-0.011654,-4.703391,-0.008994,-0.014818,-4.695109,sysid
76808000,-0.014751,-0.011654,-4.703391,-0.009139,-0.014960,-4.695232,sysid
76828000,-0.014751,-0.011654,-4.703391,-0.009352,-0.015172,-4.695412,sysid
76848000,-0.014751,-0.011654,-4.703391,-0.009468,-0.015307,-4.695530,sysid
76868000,-0.014751,-0.011654,-4.703391,-0.009637,-0.015509,-4.695699,sysid
76888000,-0.014751,-0.011654,-4.703391,-0.009744,-0.015644,-4.695810,sysid
76908000,-0.014751,-0.011654,-4.703391,-0.009903,-0.015849,-4.696017,sysid
76928000,-0.014751,-0.011654,-4.703391,-0.010011,-0.015984,-4.696149,sysid
76948000,-0.014751,-0.011654,-4.703391,-0.010195,-0.016188,-4.696334,sysid
76968000,-0.014751,-0.011654,-4.703391,-0.010323,-0.016323,-4.696482,sysid
76988000,-0.014751,-0.011654,-4.703391,-0.010528,-0.016518,-4.696676,sysid
77008000,-0.014751,-0.011654,-4.703391,-0.010673,-0.016621,-4.696788,sysid
77028000,-0.014751,-0.011654,-4.703391,-0.010902,-0.016740,-4.696936,sysid
77048000,-0.014751,-0.011654,-4.703391,-0.011081,-0.016770,-4.697023,sysid
77068000,-0.014751,-0.011654,-4.703391,-0.011373,-0.016777,-4.697134,sysid
77088000,-0.014751,-0.011654,-4.703391,-0.011602,-0.016733,-4.697182,sysid
77108000,-0.014751,-0.011654,-4.703391,-0.011988,-0.016575,-4.697211,sysid
77128000,-0.014751,-0.011654,-4.703391,-0.012255,-0.016444,-4.697218,sysid
77148000,-0.014751,-0.011654,-4.703391,-0.012704,-0.016104,-4.697170,sysid
77168000,-0.014751,-0.011654,-4.703391,-0.012997,-0.015886,-4.697145,sysid
77188000,-0.014751,-0.011654,-4.703391,-0.013492,-0.015414,-4.697080,sysid
77208000,-0.014751,-0.011654,-4.703391,-0.013825,-0.015064,-4.697033,sysid
77228000,-0.014751,-0.011654,-4.703391,-0.014332,-0.014487,-4.696957,sysid
77248000,-0.014751,-0.011654,-4.703391,-0.014691,-0.014063,-4.696895,sysid
77268000,-0.014751,-0.011654,-4.703391,-0.015212,-0.013413,-4.696823,sysid
77288000,-0.014751,-0.011654,-4.703391,-0.015545,-0.012950,-4.696763,sysid
77308000,-0.014751,-0.011654,-4.703391,-0.016018,-0.012206,-4.696640,sysid
77328000,-0.014751,-0.011654,-4.703391,-0.016319,-0.011701,-4.696573,sysid
77348000,-0.014751,-0.011654,-4.703391,-0.016738,-0.010851,-4.696430,sysid
77368000,-0.014751,-0.011654,-4.703391,-0.017000,-0.010279,-4.696315,sysid
77388000,-0.014751,-0.011654,-4.703391,-0.017370,-0.009412,-4.696127,sysid
77408000,-0.014751,-0.011654,-4.703391,-0.017593,-0.008792,-4.695942,sysid
77428000,-0.014751,-0.011654,-4.703391,-0.017916,-0.007894,-4.695693,sysid
77448000,-0.014751,-0.011654,-4.703391,-0.018147,-0.007232,-4.695475,sysid
77468000,-0.014751,-0.011654,-4.703391,-0.018509,-0.006218,-4.695152,sysid
77488000,-0.014751,-0.011654,-4.703391,-0.018778,-0.005494,-4.694920,sysid
77508000,-0.014751,-0.011654,-4.703391,-0.019194,-0.004346,-4.694554,sysid
77528000,-0.014751,-0.011654,-4.703391,-0.019469,-0.003575,-4.694319,sysid
77548000,-0.014751,-0.011654,-4.703391,-0.019864,-0.002347,-4.693930,sysid
77568000,-0.014751,-0.011654,-4.703391,-0.020128,-0.001516,-4.693702,sysid
77588000,-0.014751,-0.011654,-4.703391,-0.020525,-0.000253,-4.693375,sysid
77608000,-0.014751,-0.011654,-4.703391,-0.020793,0.000630,-4.693135,sysid
77628000,-0.014751,-0.011654,-4.703391,-0.021183,0.001934,-4.692807,sysid
77648000,-0.014751,-0.011654,-4.703391,-0.021436,0.002811,-4.692582,sysid
77668000,-0.014751,-0.011654,-4.703391,-0.021812,0.004128,-4.692234,sysid
77688000,-0.014751,-0.011654,-4.703391,-0.022056,0.004987,-4.692022,sysid
77708000,-0.014751,-0.011654,-4.703391,-0.022412,0.006278,-4.691712,sysid
77728000,-0.014751,-0.011654,-4.703391,-0.022640,0.007118,-4.691524,sysid
77748000,-0.014751,-0.011654,-4.703391,-0.022990,0.008347,-4.691232,sysid
77768000,-0.014751,-0.011654,-4.703391,-0.023210,0.009147,-4.691041,sysid
77788000,-0.014751,-0.011654,-4.703391,-0.023517,0.010317,-4.690760,sysid
77808000,-0.014751,-0.011654,-4.703391,-0.023680,0.011135,-4.690551,sysid
77828000,-0.014751,-0.011654,-4.703391,-0.023903,0.012327,-4.690263,sysid
77848000,-0.014751,-0.011654,-4.703391,-0.024034,0.013114,-4.690075,sysid
77868000,-0.014751,-0.011654,-4.703391,-0.024221,0.014266,-4.688061,sysid
77888000,-0.014751,-0.011654,-4.703391,-0.024342,0.015015,-4.684988,sysid
77908000,-0.014751,-0.011654,-4.703391,-0.024523,0.016148,-4.682388,sysid
77928000,-0.014751,-0.011654,-4.703391,-0.024610,0.016820,-4.681026,sysid
77948000,-0.014751,-0.011654,-4.703391,-0.024697,0.017775,-4.678718,sysid
77968000,-0.014751,-0.011654,-4.703391,-0.024735,0.018357,-4.677034,sysid
77988000,-0.014751,-0.011654,-4.703391,-0.024755,0.019144,-4.674339,sysid
78008000,-0.014751,-0.011654,-4.703391,-0.024738,0.019644,-4.672379,sysid
78028000,-0.014751,-0.011654,-4.703391,-0.024672,0.020294,-4.669416,sysid
78048000,-0.014751,-0.011654,-4.573391,-0.024601,0.020685,-4.667466,sysid
78068000,-0.014751,-0.011654,-4.573391,-0.024478,0.021190,-4.664471,sysid
78088000,-0.014751,-0.011654,-4.573391,-0.024378,0.021474,-4.662453,sysid
78108000,-0.014751,-0.011654,-4.573391,-0.024218,0.021858,-4.659384,sysid
78128000,-0.014751,-0.011654,-4.573391,-0.024098,0.022076,-4.657343,sysid
78148000,-0.014751,-0.011654,-4.573391,-0.023892,0.022359,-4.654296,sysid
78168000,-0.014751,-0.011654,-4.573391,-0.023759,0.022511,-4.652330,sysid
78188000,-0.014751,-0.011654,-4.573391,-0.023555,0.022681,-4.649437,sysid
78208000,-0.014751,-0.011654,-4.573391,-0.023428,0.022766,-4.647557,sysid
78228000,-0.014751,-0.011654,-4.573391,-0.023240,0.022868,-4.644797,sysid
78248000,-0.014751,-0.011654,-4.573391,-0.023134,0.022933,-4.643010,sysid
78268000,-0.014751,-0.011654,-4.573391,-0.023025,0.023002,-4.640421,sysid
78288000,-0.014751,-0.011654,-4.573391,-0.022963,0.023022,-4.638755,sysid
78308000,-0.014751,-0.011654,-4.573391,-0.022932,0.023017,-4.636389,sysid
78328000,-0.014751,-0.011654,-4.573391,-0.022917,0.022992,-4.634874,sysid
78348000,-0.014751,-0.011654,-4.573391,-0.022905,0.022925,-4.632692,sysid
78368000,-0.014751,-0.011654,-4.573391,-0.022942,0.022894,-4.631319,sysid
78388000,-0.014751,-0.011654,-4.573391,-0.023010,0.022824,-4.629341,sysid
78408000,-0.014751,-0.011654,-4.573391,-0.023083,0.022774,-4.628099,sysid
78428000,-0.014751,-0.011654,-4.573391,-0.023212,0.022684,-4.626344,sysid
78448000,-0.014751,-0.011654,-4.573391,-0.023300,0.022609,-4.625222,sysid
78468000,-0.014751,-0.011654,-4.573391,-0.023438,0.022479,-4.623672,sysid
78488000,-0.014751,-0.011654,-4.573391,-0.023519,0.022371,-4.622661,sysid
78508000,-0.014751,-0.011654,-4.573391,-0.023670,0.022163,-4.621257,sysid
78528000,-0.014751,-0.011654,-4.573391,-0.023769,0.021993,-4.620380,sysid
78548000,-0.014751,-0.011654,-4.573391,-0.023914,0.021696,-4.619118,sysid
78568000,-0.014751,-0.011654,-4.573391,-0.024010,0.021468,-4.618323,sysid
78588000,-0.014751,-0.011654,-4.573391,-0.024124,0.021081,-4.617211,sysid
78608000,-0.014751,-0.011654,-4.573391,-0.024170,0.020777,-4.616495,sysid
78628000,-0.014751,-0.011654,-4.573391,-0.024209,0.020235,-4.615454,sysid
78648000,-0.014751,-0.011654,-4.573391,-0.024220,0.019843,-4.614796,sysid
78668000,-0.014751,-0.011654,-4.573391,-0.024205,0.019199,-4.613812,sysid
78688000,-0.014751,-0.011654,-4.573391,-0.024167,0.018741,-4.613162,sysid
78708000,-0.014751,-0.011654,-4.573391,-0.024068,0.018017,-4.612216,sysid
78728000,-0.014751,-0.011654,-4.573391,-0.023932,0.017472,-4.611569,sysid
78748000,-0.014751,-0.011654,-4.573391,-0.023724,0.016652,-4.610608,sysid
78768000,-0.014751,-0.011654,-4.573391,-0.023536,0.016045,-4.609962,sysid
78788000,-0.014751,-0.011654,-4.573391,-0.023240,0.015122,-4.608994,sysid
78808000,-0.014751,-0.011654,-4.573391,-0.023029,0.014487,-4.608341,sysid
78828000,-0.014751,-0.011654,-4.573391,-0.022697,0.013507,-4.607363,sysid
78848000,-0.014751,-0.011654,-4.573391,-0.022469,0.012845,-4.606715,sysid
78868000,-0.014751,-0.011654,-4.573391,-0.022113,0.011831,-4.605710,sysid
78888000,-0.014751,-0.011654,-4.573391,-0.021869,0.011151,-4.605024,sysid
78908000,-0.014751,-0.011654,-4.573391,-0.021494,0.010127,-4.603974,sysid
78928000,-0.014751,-0.011654,-4.573391,-0.021246,0.009429,-4.603251,sysid
78948000,-0.014751,-0.011654,-4.573391,-0.020868,0.008390,-4.602180,sysid
78968000,-0.014751,-0.011654,-4.573391,-0.020612,0.007706,-4.601471,sysid
78988000,-0.014751,-0.011654,-4.573391,-0.020210,0.006683,-4.600441,sysid
79008000,-0.014751,-0.011654,-4.573391,-0.019937,0.006007,-4.599773,sysid
79028000,-0.014751,-0.011654,-4.573391,-0.019519,0.004989,-4.598804,sysid
79048000,-0.014751,-0.011654,-4.573391,-0.019237,0.004312,-4.598176,sysid
79068000,-0.014751,-0.011654,-4.573391,-0.018779,0.003288,-4.597288,sysid
79088000,-0.014751,-0.011654,-4.573391,-0.018475,0.002620,-4.596711,sysid
79108000,-0.014751,-0.011654,-4.573391,-0.018021,0.001642,-4.595872,sysid
79128000,-0.014751,-0.011654,-4.573391,-0.017721,0.001003,-4.595317,sysid
79148000,-0.014751,-0.011654,-4.573391,-0.017308,0.000074,-4.594494,sysid
79168000,-0.014751,-0.011654,-4.573391,-0.017076,-0.000518,-4.593945,sysid
79188000,-0.014751,-0.011654,-4.573391,-0.016785,-0.001385,-4.593113,sysid
79208000,-0.014751,-0.011654,-4.573391,-0.016611,-0.001951,-4.592566,sysid
79228000,-0.014751,-0.011654,-4.573391,-0.016417,-0.002796,-4.591687,sysid
79248000,-0.014751,-0.011654,-4.573391,-0.016322,-0.003362,-4.591121,sysid
79268000,-0.014751,-0.011654,-4.573391,-0.016229,-0.004212,-4.590269,sysid
79288000,-0.014751,-0.011654,-4.573391,-0.016189,-0.004771,-4.589693,sysid
79308000,-0.014751,-0.011654,-4.573391,-0.016157,-0.005597,-4.588840,sysid
79328000,-0.014751,-0.011654,-4.573391,-0.016159,-0.006149,-4.588253,sysid
79348000,-0.014751,-0.011654,-4.573391,-0.016171,-0.006966,-4.587386,sysid
79368000,-0.014751,-0.011654,-4.573391,-0.016193,-0.007507,-4.586803,sysid
79388000,-0.014751,-0.011654,-4.573391,-0.016240,-0.008314,-4.585922,sysid
79408000,-0.014751,-0.011654,-4.573391,-0.016274,-0.008843,-4.585345,sysid
79428000,-0.014751,-0.011654,-4.573391,-0.016356,-0.009643,-4.584462,sysid
79448000,-0.014751,-0.011654,-4.573391,-0.016402,-0.010162,-4.583889,sysid
79468000,-0.014751,-0.011654,-4.573391,-0.016460,-0.010921,-4.583053,sysid
79488000,-0.014751,-0.011654,-4.573391,-0.016490,-0.011420,-4.582501,sysid
79508000,-0.014751,-0.011654,-4.573391,-0.016532,-0.012155,-4.581707,sysid
79528000,-0.014751,-0.011654,-4.573391,-0.016559,-0.012639,-4.581192,sysid
79548000,-0.014751,-0.011654,-4.573391,-0.016600,-0.013346,-4.580452,sysid
79568000,-0.014751,-0.011654,-4.573391,-0.016628,-0.013807,-4.579976,sysid
79588000,-0.014751,-0.011654,-4.573391,-0.016669,-0.014466,-4.579294,sysid
79608000,-0.014751,-0.011654,-4.573391,-0.016695,-0.014887,-4.578877,sysid
79628000,-0.014751,-0.011654,-4.573391,-0.016695,-0.015515,-4.578257,sysid
79648000,-0.014751,-0.011654,-4.573391,-0.016678,-0.015928,-4.577860,sysid
79668000,-0.014751,-0.011654,-4.573391,-0.016634,-0.016538,-4.577291,sysid
79688000,-0.014751,-0.011654,-4.573391,-0.016579,-0.016977,-4.576910,sysid
79708000,-0.014751,-0.011654,-4.573391,-0.016485,-0.017646,-4.576365,sysid
79728000,-0.014751,-0.011654,-4.573391,-0.016400,-0.018116,-4.576012,sysid
79748000,-0.014751,-0.011654,-4.573391,-0.016260,-0.018834,-4.575515,sysid
79768000,-0.014751,-0.011654,-4.573391,-0.016164,-0.019308,-4.575203,sysid
79788000,-0.014751,-0.011654,-4.573391,-0.015981,-0.020075,-4.574759,sysid
79808000,-0.014751,-0.011654,-4.573391,-0.015862,-0.020569,-4.574480,sysid
79828000,-0.014751,-0.011654,-4.573391,-0.015641,-0.021344,-4.574103,sysid
79848000,-0.014751,-0.011654,-4.573391,-0.015486,-0.021846,-4.573871,sysid
79868000,-0.014751,-0.011654,-4.573391,-0.015241,-0.022576,-4.573550,sysid
79888000,-0.014751,-0.011654,-4.573391,-0.015061,-0.023026,-4.573341,sysid
79908000,-0.014751,-0.011654,-4.573391,-0.014783,-0.023647,-4.573039,sysid
79928000,-0.014751,-0.011654,-4.573391,-0.014582,-0.024006,-4.572837,sysid
79948000,-0.014751,-0.011654,-4.573391,-0.014259,-0.024465,-4.572536,sysid
79968000,-0.014751,-0.011654,-4.573391,-0.014040,-0.024740,-4.572365,sysid
79988000,-0.014751,-0.011654,-4.573391,-0.013663,-0.025044,-4.572087,sysid
80008000,-0.014751,-0.011654,-4.573391,-0.013419,-0.025219,-4.571904,sysid
80028000,-0.014751,-0.011654,-4.573391,-0.013066,-0.025441,-4.571628,sysid
80048000,-0.014751,-0.011654,-4.573391,-0.012829,-0.025554,-4.571420,sysid
80068000,-0.014751,-0.011654,-4.573391,-0.012488,-0.025711,-4.571132,sysid
80088000,-0.014751,-0.011654,-4.573391,-0.012280,-0.025765,-4.570917,sysid
80108000,-0.014751,-0.011654,-4.573391,-0.011996,-0.025820,-4.570602,sysid
80128000,-0.014751,-0.011654,-4.573391,-0.011831,-0.025829,-4.570385,sysid
80148000,-0.014751,-0.011654,-4.573391,-0.011621,-0.025793,-4.570101,sysid
80168000,-0.014751,-0.011654,-4.573391,-0.011497,-0.025752,-4.569923,sysid
80188000,-0.014751,-0.011654,-4.573391,-0.011386,-0.025604,-4.569672,sysid
80208000,-0.014751,-0.011654,-4.573391,-0.011330,-0.025474,-4.569514,sysid
80228000,-0.014751,-0.011654,-4.573391,-0.011272,-0.025230,-4.569290,sysid
80248000,-0.014751,-0.011654,-4.573391,-0.011274,-0.025015,-4.569145,sysid
80268000,-0.014751,-0.011654,-4.573391,-0.011300,-0.024668,-4.568952,sysid
80288000,-0.014751,-0.011654,-4.573391,-0.011342,-0.024402,-4.568847,sysid
80308000,-0.014751,-0.011654,-4.573391,-0.011451,-0.023946,-4.568713,sysid
80328000,-0.014751,-0.011654,-4.573391,-0.011541,-0.023628,-4.568656,sysid
80348000,-0.014751,-0.011654,-4.573391,-0.011727,-0.023118,-4.568598,sysid
80368000,-0.014751,-0.011654,-4.573391,-0.011868,-0.022772,-4.569124,sysid
80388000,-0.014751,-0.011654,-4.573391,-0.012108,-0.022210,-4.572207,sysid
80408000,-0.014751,-0.011654,-4.573391,-0.012280,-0.021833,-4.572448,sysid
80428000,-0.014751,-0.011654,-4.573391,-0.012554,-0.021267,-4.569389,sysid
80448000,-0.014751,-0.011654,-4.573391,-0.012744,-0.020838,-4.567301,sysid
80468000,-0.014751,-0.011654,-4.573391,-0.013024,-0.020161,-4.565264,sysid
80488000,-0.014751,-0.011654,-4.573391,-0.013207,-0.019681,-4.564548,sysid
80508000,-0.014751,-0.011654,-4.573391,-0.013462,-0.018895,-4.564360,sysid
80528000,-0.014751,-0.011654,-4.573391,-0.013625,-0.018350,-4.564768,sysid
80548000,-0.014751,-0.011654,-4.723391,-0.013833,-0.017485,-4.565890,sysid
80568000,-0.014751,-0.011654,-4.723391,-0.013949,-0.016890,-4.567158,sysid
80588000,-0.014751,-0.011654,-4.723391,-0.014093,-0.015977,-4.569731,sysid
80608000,-0.014751,-0.011654,-4.723391,-0.014175,-0.015364,-4.571856,sysid
80628000,-0.014751,-0.011654,-4.723391,-0.014276,-0.014441,-4.575569,sysid
80648000,-0.014751,-0.011654,-4.723391,-0.014320,-0.013809,-4.578422,sysid
80668000,-0.014751,-0.011654,-4.723391,-0.014380,-0.012862,-4.582991,sysid
80688000,-0.014751,-0.011654,-4.723391,-0.014410,-0.012218,-4.586237,sysid
80708000,-0.014751,-0.011654,-4.723391,-0.014479,-0.011242,-4.591314,sysid
80728000,-0.014751,-0.011654,-4.723391,-0.014531,-0.010599,-4.594786,sysid
80748000,-0.014751,-0.011654,-4.723391,-0.014612,-0.009677,-4.600153,sysid
80768000,-0.014751,-0.011654,-4.723391,-0.014661,-0.009091,-4.603767,sysid
80788000,-0.014751,-0.011654,-4.723391,-0.014730,-0.008257,-4.609211,sysid
80808000,-0.014751,-0.011654,-4.723391,-0.014722,-0.007719,-4.612862,sysid
80828000,-0.014751,-0.011654,-4.723391,-0.014684,-0.006949,-4.618309,sysid
80848000,-0.014751,-0.011654,-4.723391,-0.014626,-0.006462,-4.621916,sysid
80868000,-0.014751,-0.011654,-4.723391,-0.014506,-0.005749,-4.627288,sysid
80888000,-0.014751,-0.011654,-4.723391,-0.014386,-0.005277,-4.630816,sysid
80908000,-0.014751,-0.011654,-4.723391,-0.014162,-0.004544,-4.636042,sysid
80928000,-0.014751,-0.011654,-4.723391,-0.014001,-0.004060,-4.639464,sysid
80948000,-0.014751,-0.011654,-4.723391,-0.013705,-0.003300,-4.644523,sysid
80968000,-0.014751,-0.011654,-4.723391,-0.013486,-0.002802,-4.647826,sysid
80988000,-0.014751,-0.011654,-4.723391,-0.013130,-0.002069,-4.652689,sysid
81008000,-0.014751,-0.011654,-4.723391,-0.012858,-0.001598,-4.655867,sysid
81028000,-0.014751,-0.011654,-4.723391,-0.012443,-0.000930,-4.660502,sysid
81048000,-0.014751,-0.011654,-4.723391,-0.012150,-0.000508,-4.663505,sysid
81068000,-0.014751,-0.011654,-4.723391,-0.011642,0.000086,-4.667890,sysid
81088000,-0.014751,-0.011654,-4.723391,-0.011287,0.000460,-4.670726,sysid
81108000,-0.014751,-0.011654,-4.723391,-0.010643,0.000977,-4.674828,sysid
81128000,-0.014751,-0.011654,-4.723391,-0.010231,0.001298,-4.677472,sysid
81148000,-0.014751,-0.011654,-4.723391,-0.009559,0.001725,-4.681274,sysid
81168000,-0.014751,-0.011654,-4.723391,-0.009116,0.001974,-4.683728,sysid
81188000,-0.014751,-0.011654,-4.723391,-0.008459,0.002299,-4.687260,sysid
81208000,-0.014751,-0.011654,-4.723391,-0.007988,0.002475,-4.689522,sysid
81228000,-0.014751,-0.011654,-4.723391,-0.007284,0.002692,-4.692780,sysid
81248000,-0.014751,-0.011654,-4.723391,-0.006802,0.002792,-4.694855,sysid
81268000,-0.014751,-0.011654,-4.723391,-0.006055,0.002908,-4.697834,sysid
81288000,-0.014751,-0.011654,-4.723391,-0.005561,0.002967,-4.699739,sysid
81308000,-0.014751,-0.011654,-4.723391,-0.004769,0.003019,-4.702475,sysid
81328000,-0.014751,-0.011654,-4.723391,-0.004239,0.003037,-4.704244,sysid
81348000,-0.014751,-0.011654,-4.723391,-0.003441,0.003037,-4.706843,sysid
81368000,-0.014751,-0.011654,-4.723391,-0.002892,0.003000,-4.708548,sysid
81388000,-0.014751,-0.011654,-4.723391,-0.002100,0.002927,-4.711002,sysid
81408000,-0.014751,-0.011654,-4.723391,-0.001570,0.002857,-4.712609,sysid
81428000,-0.014751,-0.011654,-4.723391,-0.000793,0.002741,-4.714941,sysid
81448000,-0.014751,-0.011654,-4.723391,-0.000275,0.002661,-4.716457,sysid
81468000,-0.014751,-0.011654,-4.723391,0.000505,0.002546,-4.718654,sysid
81488000,-0.014751,-0.011654,-4.723391,0.001012,0.002462,-4.720062,sysid
81508000,-0.014751,-0.011654,-4.723391,0.001785,0.002367,-4.722091,sysid
81528000,-0.014751,-0.011654,-4.723391,0.002289,0.002316,-4.723403,sysid
81548000,-0.014751,-0.011654,-4.723391,0.003028,0.002256,-4.725285,sysid
81568000,-0.014751,-0.011654,-4.723391,0.003512,0.002277,-4.726481,sysid
81588000,-0.014751,-0.011654,-4.723391,0.004212,0.002320,-4.728191,sysid
81608000,-0.014751,-0.011654,-4.723391,0.004664,0.002377,-4.729272,sysid
81628000,-0.014751,-0.011654,-4.723391,0.005315,0.002496,-4.730830,sysid
81648000,-0.014751,-0.011654,-4.723391,0.005728,0.002580,-4.731823,sysid
81668000,-0.014751,-0.011654,-4.723391,0.006321,0.002726,-4.733258,sysid
81688000,-0.014751,-0.011654,-4.723391,0.006697,0.002823,-4.734173,sysid
81708000,-0.014751,-0.011654,-4.723391,0.007210,0.002951,-4.735468,sysid
81728000,-0.014751,-0.011654,-4.723391,0.007526,0.003027,-4.736284,sysid
81748000,-0.014751,-0.011654,-4.723391,0.007958,0.003130,-4.737439,sysid
81768000,-0.014751,-0.011654,-4.723391,0.008206,0.003188,-4.738199,sysid
81788000,-0.014751,-0.011654,-4.723391,0.008557,0.003268,-4.739280,sysid
81808000,-0.014751,-0.011654,-4.723391,0.008782,0.003324,-4.739967,sysid
81828000,-0.014751,-0.011654,-4.723391,0.009072,0.003406,-4.740964,sysid
81848000,-0.014751,-0.011654,-4.723391,0.009242,0.003457,-4.741584,sysid
81868000,-0.014751,-0.011654,-4.723391,0.009421,0.003500,-4.742429,sysid
81888000,-0.014751,-0.011654,-4.723391,0.009502,0.003518,-4.742959,sysid
81908000,-0.014751,-0.011654,-4.723391,0.009567,0.003527,-4.743708,sysid
81928000,-0.014751,-0.011654,-4.723391,0.009570,0.003518,-4.744172,sysid
81948000,-0.014751,-0.011654,-4.723391,0.009516,0.003486,-4.744861,sysid
81968000,-0.014751,-0.011654,-4.723391,0.009413,0.003439,-4.745268,sysid
81988000,-0.014751,-0.011654,-4.723391,0.009211,0.003352,-4.745839,sysid
82008000,-0.014751,-0.011654,-4.723391,0.009022,0.003283,-4.746191,sysid
82028000,-0.014751,-0.011654,-4.723391,0.008631,0.003190,-4.746693,sysid
82048000,-0.014751,-0.011654,-4.723391,0.008335,0.003129,-4.747008,sysid
82068000,-0.014751,-0.011654,-4.723391,0.007691,0.003035,-4.747508,sysid
82088000,-0.014751,-0.011654,-4.723391,0.007215,0.002971,-4.747834,sysid
82108000,-0.014751,-0.011654,-4.723391,0.006435,0.002874,-4.748312,sysid
82128000,-0.014751,-0.011654,-4.723391,0.005821,0.002815,-4.748633,sysid
82148000,-0.014751,-0.011654,-4.723391,0.004866,0.002724,-4.749098,sysid
82168000,-0.014751,-0.011654,-4.723391,0.004173,0.002667,-4.749411,sysid
82188000,-0.014751,-0.011654,-4.723391,0.003114,0.002582,-4.749866,sysid
82208000,-0.014751,-0.011654,-4.723391,0.002376,0.002531,-4.750173,sysid
82228000,-0.014751,-0.011654,-4.723391,0.001238,0.002472,-4.750623,sysid
82248000,-0.014751,-0.011654,-4.723391,0.000476,0.002433,-4.750935,sysid
82268000,-0.014751,-0.011654,-4.723391,-0.000704,0.002386,-4.751364,sysid
82288000,-0.014751,-0.011654,-4.723391,-0.001481,0.002359,-4.751620,sysid
82308000,-0.014751,-0.011654,-4.723391,-0.002635,0.002326,-4.751964,sysid
82328000,-0.014751,-0.011654,-4.723391,-0.003395,0.002335,-4.752152,sysid
82348000,-0.014751,-0.011654,-4.723391,-0.004518,0.002357,-4.752398,sysid
82368000,-0.014751,-0.011654,-4.723391,-0.005264,0.002392,-4.752537,sysid
82388000,-0.014751,-0.011654,-4.723391,-0.006349,0.002435,-4.752713,sysid
82408000,-0.014751,-0.011654,-4.723391,-0.007052,0.002457,-4.752813,sysid
82428000,-0.014751,-0.011654,-4.723391,-0.008106,0.002481,-4.752932,sysid
82448000,-0.014751,-0.011654,-4.723391,-0.008792,0.002489,-4.752996,sysid
82468000,-0.014751,-0.011654,-4.723391,-0.009838,0.002453,-4.753089,sysid
82488000,-0.014751,-0.011654,-4.723391,-0.010541,0.002417,-4.753154,sysid
82508000,-0.014751,-0.011654,-4.723391,-0.011604,0.002344,-4.753245,sysid
82528000,-0.014751,-0.011654,-4.723391,-0.012712,0.002282,-4.753355,sysid
82548000,-0.014751,-0.011654,-4.723391,-0.013455,0.002246,-4.753431,sysid
82568000,-0.014751,-0.011654,-4.723391,-0.014206,0.002215,-4.753513,sysid
82588000,-0.014751,-0.011654,-4.723391,-0.015342,0.002180,-4.753627,sysid
82608000,-0.014751,-0.011654,-4.723391,-0.016089,0.002156,-4.753694,sysid
82628000,-0.014751,-0.011654,-4.723391,-0.017237,0.002115,-4.753772,sysid
82648000,-0.014751,-0.011654,-4.723391,-0.017999,0.002087,-4.753819,sysid
82668000,-0.014751,-0.011654,-4.723391,-0.019135,0.002042,-4.753884,sysid
82688000,-0.014751,-0.011654,-4.723391,-0.019947,0.002024,-4.753940,sysid
82708000,-0.014751,-0.011654,-4.723391,-0.021119,0.001984,-4.753999,sysid
82728000,-0.014751,-0.011654,-4.723391,-0.021908,0.001965,-4.754078,sysid
82748000,-0.014751,-0.011654,-4.723391,-0.023051,0.001924,-4.754196,sysid
82768000,-0.014751,-0.011654,-4.723391,-0.023789,0.001890,-4.754289,sysid
82788000,-0.014751,-0.011654,-4.723391,-0.024830,0.001820,-4.754437,sysid
82808000,-0.014751,-0.011654,-4.723391,-0.025487,0.001763,-4.754530,sysid
82828000,-0.014751,-0.011654,-4.723391,-0.026415,0.001677,-4.754693,sysid
82848000,-0.014751,-0.011654,-4.723391,-0.027001,0.001616,-4.754814,sysid
82868000,-0.014751,-0.011654,-4.723391,-0.027834,0.001522,-4.754323,sysid
82888000,-0.014751,-0.011654,-4.723391,-0.028363,0.001452,-4.752688,sysid
82908000,-0.014751,-0.011654,-4.723391,-0.029122,0.001348,-4.752909,sysid
82928000,-0.014751,-0.011654,-4.723391,-0.029541,0.001262,-4.754850,sysid
82948000,-0.014751,-0.011654,-4.723391,-0.030019,0.001122,-4.757309,sysid
82968000,-0.014751,-0.011654,-4.723391,-0.030252,0.001017,-4.758358,sysid
82988000,-0.014751,-0.011654,-4.723391,-0.030420,0.000860,-4.759227,sysid
83008000,-0.014751,-0.011654,-4.723391,-0.030427,0.000749,-4.759335,sysid
83028000,-0.014751,-0.011654,-4.723391,-0.030243,0.000604,-4.759027,sysid
83048000,-0.014751,-0.011654,-4.523391,-0.030005,0.000504,-4.758448,sysid
83068000,-0.014751,-0.011654,-4.523391,-0.029482,0.000351,-4.757082,sysid
83088000,-0.014751,-0.011654,-4.523391,-0.029004,0.000257,-4.755717,sysid
83108000,-0.014751,-0.011654,-4.523391,-0.028163,0.000106,-4.753175,sysid
83128000,-0.014751,-0.011654,-4.523391,-0.027501,0.000010,-4.751150,sysid
83148000,-0.014751,-0.011654,-4.523391,-0.026364,-0.000157,-4.747735,sysid
83168000,-0.014751,-0.011654,-4.523391,-0.025546,-0.000281,-4.745237,sysid
83188000,-0.014751,-0.011654,-4.523391,-0.024198,-0.000480,-4.741148,sysid
83208000,-0.014751,-0.011654,-4.523391,-0.023264,-0.000632,-4.738275,sysid
83228000,-0.014751,-0.011654,-4.523391,-0.021815,-0.000891,-4.733775,sysid
83248000,-0.014751,-0.011654,-4.523391,-0.020834,-0.001068,-4.730672,sysid
83268000,-0.014751,-0.011654,-4.523391,-0.019360,-0.001331,-4.725906,sysid
83288000,-0.014751,-0.011654,-4.523391,-0.018377,-0.001501,-4.722637,sysid
83308000,-0.014751,-0.011654,-4.523391,-0.016890,-0.001772,-4.717669,sysid
83328000,-0.014751,-0.011654,-4.523391,-0.015880,-0.001968,-4.714314,sysid
83348000,-0.014751,-0.011654,-4.523391,-0.014362,-0.002279,-4.709249,sysid
83368000,-0.014751,-0.011654,-4.523391,-0.013358,-0.002493,-4.705873,sysid
83388000,-0.014751,-0.011654,-4.523391,-0.011873,-0.002853,-4.700810,sysid
83408000,-0.014751,-0.011654,-4.523391,-0.010913,-0.003100,-4.697456,sysid
83428000,-0.014751,-0.011654,-4.523391,-0.009519,-0.003480,-4.692472,sysid
83448000,-0.014751,-0.011654,-4.523391,-0.008639,-0.003733,-4.689193,sysid
83468000,-0.014751,-0.011654,-4.523391,-0.007372,-0.004105,-4.684342,sysid
83488000,-0.014751,-0.011654,-4.523391,-0.006571,-0.004344,-4.681160,sysid
83508000,-0.014751,-0.011654,-4.523391,-0.005430,-0.004704,-4.676475,sysid
83528000,-0.014751,-0.011654,-4.523391,-0.004719,-0.004947,-4.673418,sysid
83548000,-0.014751,-0.011654,-4.523391,-0.003713,-0.005295,-4.668936,sysid
83568000,-0.014751,-0.011654,-4.523391,-0.003080,-0.005521,-4.666011,sysid
83588000,-0.014751,-0.011654,-4.523391,-0.002203,-0.005850,-4.661735,sysid
83608000,-0.014751,-0.011654,-4.523391,-0.001645,-0.006078,-4.658950,sysid
83628000,-0.014751,-0.011654,-4.523391,-0.000851,-0.006431,-4.654886,sysid
83648000,-0.014751,-0.011654,-4.523391,-0.000341,-0.006697,-4.652245,sysid
83668000,-0.014751,-0.011654,-4.523391,0.000377,-0.007097,-4.648366,sysid
83688000,-0.014751,-0.011654,-4.523391,0.000824,-0.007371,-4.645835,sysid
83708000,-0.014751,-0.011654,-4.523391,0.001420,-0.007767,-4.642129,sysid
83728000,-0.014751,-0.011654,-4.523391,0.001780,-0.008025,-4.639718,sysid
83748000,-0.014751,-0.011654,-4.523391,0.002235,-0.008433,-4.636184,sysid
83768000,-0.014751,-0.011654,-4.523391,0.002512,-0.008700,-4.633886,sysid
83788000,-0.014751,-0.011654,-4.523391,0.002835,-0.009165,-4.630517,sysid
83808000,-0.014751,-0.011654,-4.523391,0.003002,-0.009482,-4.628326,sysid
83828000,-0.014751,-0.011654,-4.523391,0.003185,-0.009972,-4.625123,sysid
83848000,-0.014751,-0.011654,-4.523391,0.003213,-0.010331,-4.623070,sysid
83868000,-0.014751,-0.011654,-4.523391,0.003204,-0.010881,-4.620092,sysid
83888000,-0.014751,-0.011654,-4.523391,0.003124,-0.011456,-4.617221,sysid
83908000,-0.014751,-0.011654,-4.523391,0.003006,-0.011848,-4.615370,sysid
83928000,-0.014751,-0.011654,-4.523391,0.002877,-0.012235,-4.613583,sysid
83948000,-0.014751,-0.011654,-4.523391,0.002585,-0.012823,-4.610969,sysid
83968000,-0.014751,-0.011654,-4.523391,0.002368,-0.013200,-4.609278,sysid
83988000,-0.014751,-0.011654,-4.523391,0.002007,-0.013746,-4.606815,sysid
84008000,-0.014751,-0.011654,-4.523391,0.001744,-0.014103,-4.605218,sysid
84028000,-0.014751,-0.011654,-4.523391,0.001338,-0.014635,-4.602883,sysid
84048000,-0.014751,-0.011654,-4.523391,0.001051,-0.014981,-4.601365,sysid
84068000,-0.014751,-0.011654,-4.523391,0.000611,-0.015495,-4.599139,sysid
84088000,-0.014751,-0.011654,-4.523391,0.000314,-0.015836,-4.597683,sysid
84108000,-0.014751,-0.011654,-4.523391,-0.000118,-0.016320,-4.595558,sysid
84128000,-0.014751,-0.011654,-4.523391,-0.000406,-0.016629,-4.594176,sysid
84148000,-0.014751,-0.011654,-4.523391,-0.000845,-0.017024,-4.592135,sysid
84168000,-0.014751,-0.011654,-4.523391,-0.001132,-0.017264,-4.590798,sysid
84188000,-0.014751,-0.011654,-4.523391,-0.001553,-0.017591,-4.588828,sysid
84208000,-0.014751,-0.011654,-4.523391,-0.001856,-0.017769,-4.587531,sysid
84228000,-0.014751,-0.011654,-4.523391,-0.002319,-0.018017,-4.585644,sysid
84248000,-0.014751,-0.011654,-4.523391,-0.002633,-0.018162,-4.584410,sysid
84268000,-0.014751,-0.011654,-4.523391,-0.003085,-0.018363,-4.582603,sysid
84288000,-0.014751,-0.011654,-4.523391,-0.003382,-0.018488,-4.581452,sysid
84308000,-0.014751,-0.011654,-4.523391,-0.003812,-0.018655,-4.579759,sysid
84328000,-0.014751,-0.011654,-4.523391,-0.004094,-0.018759,-4.578656,sysid
84348000,-0.014751,-0.011654,-4.523391,-0.004486,-0.018892,-4.577032,sysid
84368000,-0.014751,-0.011654,-4.523391,-0.004731,-0.018969,-4.575977,sysid
84388000,-0.014751,-0.011654,-4.523391,-0.005074,-0.019072,-4.574439,sysid
84408000,-0.014751,-0.011654,-4.523391,-0.005299,-0.019139,-4.573431,sysid
84428000,-0.014751,-0.011654,-4.523391,-0.005646,-0.019233,-4.571947,sysid
84448000,-0.014751,-0.011654,-4.523391,-0.005884,-0.019293,-4.570968,sysid
84468000,-0.014751,-0.011654,-4.523391,-0.006275,-0.019388,-4.569521,sysid
84488000,-0.014751,-0.011654,-4.523391,-0.006547,-0.019450,-4.568578,sysid
84508000,-0.014751,-0.011654,-4.523391,-0.006959,-0.019561,-4.567153,sysid
84528000,-0.014751,-0.011654,-4.523391,-0.007234,-0.019634,-4.566228,sysid
84548000,-0.014751,-0.011654,-4.523391,-0.007643,-0.019740,-4.564849,sysid
84568000,-0.014751,-0.011654,-4.523391,-0.007910,-0.019809,-4.563932,sysid
84588000,-0.014751,-0.011654,-4.523391,-0.008305,-0.019910,-4.562578,sysid
84608000,-0.014751,-0.011654,-4.523391,-0.008546,-0.019974,-4.561656,sysid
84628000,-0.014751,-0.011654,-4.523391,-0.008877,-0.020058,-4.560294,sysid
84648000,-0.014751,-0.011654,-4.523391,-0.009058,-0.020100,-4.559399,sysid
84668000,-0.014751,-0.011654,-4.523391,-0.009287,-0.020139,-4.558050,sysid
84688000,-0.014751,-0.011654,-4.523391,-0.009427,-0.020154,-4.557166,sysid
84708000,-0.014751,-0.011654,-4.523391,-0.009609,-0.020088,-4.555794,sysid
84728000,-0.014751,-0.011654,-4.523391,-0.009728,-0.020017,-4.554892,sysid
84748000,-0.014751,-0.011654,-4.523391,-0.009902,-0.019868,-4.553556,sysid
84768000,-0.014751,-0.011654,-4.523391,-0.009978,-0.019739,-4.552652,sysid
84788000,-0.014751,-0.011654,-4.523391,-0.010080,-0.019535,-4.551332,sysid
84808000,-0.014751,-0.011654,-4.523391,-0.010125,-0.019383,-4.550465,sysid
84828000,-0.014751,-0.011654,-4.523391,-0.010188,-0.019153,-4.549206,sysid
84848000,-0.014751,-0.011654,-4.523391,-0.010219,-0.018993,-4.548384,sysid
84868000,-0.014751,-0.011654,-4.523391,-0.010268,-0.018729,-4.547173,sysid
84888000,-0.014751,-0.011654,-4.523391,-0.010302,-0.018549,-4.546392,sysid
84908000,-0.014751,-0.011654,-4.523391,-0.010317,-0.018252,-4.545225,sysid
84928000,-0.014751,-0.011654,-4.523391,-0.010308,-0.018043,-4.544460,sysid
84948000,-0.014751,-0.011654,-4.523391,-0.010268,-0.017714,-4.543334,sysid
84968000,-0.014751,-0.011654,-4.523391,-0.010214,-0.017500,-4.542567,sysid
84988000,-0.014751,-0.011654,-4.523391,-0.010139,-0.017194,-4.541442,sysid
85008000,-0.014751,-0.011654,-4.523391,-0.010087,-0.017007,-4.540689,sysid
85028000,-0.014751,-0.011654,-4.523391,-0.009987,-0.016730,-4.539559,sysid
85048000,-0.014751,-0.011654,-4.523391,-0.009916,-0.016548,-4.538827,sysid
85068000,-0.014751,-0.011654,-4.523391,-0.009761,-0.016278,-4.537759,sysid
85088000,-0.014751,-0.011654,-4.523391,-0.009669,-0.016101,-4.537087,sysid
85108000,-0.014751,-0.011654,-4.523391,-0.009457,-0.015804,-4.536077,sysid
85128000,-0.014751,-0.011654,-4.523391,-0.009305,-0.015601,-4.535429,sysid
85148000,-0.014751,-0.011654,-4.523391,-0.009063,-0.015288,-4.534495,sysid
85168000,-0.014751,-0.011654,-4.523391,-0.008916,-0.015037,-4.533911,sysid
85188000,-0.014751,-0.011654,-4.523391,-0.008726,-0.014654,-4.533141,sysid
85208000,-0.014751,-0.011654,-4.523391,-0.008625,-0.014384,-4.532661,sysid
85228000,-0.014751,-0.011654,-4.523391,-0.008524,-0.013963,-4.532021,sysid
85248000,-0.014751,-0.011654,-4.523391,-0.008478,-0.013683,-4.531643,sysid
85268000,-0.014751,-0.011654,-4.523391,-0.008430,-0.013270,-4.531146,sysid
85288000,-0.014751,-0.011654,-4.523391,-0.008402,-0.012996,-4.530849,sysid
85308000,-0.014751,-0.011654,-4.523391,-0.008368,-0.012591,-4.530453,sysid
85328000,-0.014751,-0.011654,-4.523391,-0.008331,-0.012188,-4.530128,sysid
85348000,-0.014751,-0.011654,-4.523391,-0.008315,-0.011928,-4.529930,sysid
85368000,-0.014751,-0.011654,-4.523391,-0.008283,-0.011639,-4.530322,sysid
85388000,-0.014751,-0.011654,-4.523391,-0.008236,-0.011210,-4.533145,sysid
85408000,-0.014751,-0.011654,-4.523391,-0.008200,-0.010928,-4.533177,sysid
85428000,-0.014751,-0.011654,-4.523391,-0.008160,-0.010512,-4.529939,sysid
85448000,-0.014751,-0.011654,-4.523391,-0.008154,-0.010258,-4.527840,sysid
85468000,-0.014751,-0.011654,-4.523391,-0.008158,-0.009905,-4.525975,sysid
85488000,-0.014751,-0.011654,-4.523391,-0.008180,-0.009700,-4.525589,sysid
85508000,-0.014751,-0.011654,-4.523391,-0.008241,-0.009432,-4.526071,sysid
85528000,-0.014751,-0.011654,-4.523391,-0.008304,-0.009275,-4.526957,sysid
85548000,-0.014751,-0.011654,-4.743391,-0.008418,-0.009093,-4.529151,sysid
85568000,-0.014751,-0.011654,-4.743391,-0.008493,-0.009012,-4.531134,sysid
85588000,-0.014751,-0.011654,-4.743391,-0.008631,-0.008923,-4.534994,sysid
85608000,-0.014751,-0.011654,-4.743391,-0.008738,-0.008883,-4.538004,sysid
85628000,-0.014751,-0.011654,-4.743391,-0.008905,-0.008820,-4.543142,sysid
85648000,-0.014751,-0.011654,-4.743391,-0.009021,-0.008783,-4.546861,sysid
85668000,-0.014751,-0.011654,-4.743391,-0.009196,-0.008730,-4.552946,sysid
85688000,-0.014751,-0.011654,-4.743391,-0.009333,-0.008711,-4.557195,sysid
85708000,-0.014751,-0.011654,-4.743391,-0.009564,-0.008705,-4.563797,sysid
85728000,-0.014751,-0.011654,-4.743391,-0.009743,-0.008699,-4.568371,sysid
85748000,-0.014751,-0.011654,-4.743391,-0.010011,-0.008691,-4.575315,sysid
85768000,-0.014751,-0.011654,-4.743391,-0.010184,-0.008677,-4.579995,sysid
85788000,-0.014751,-0.011654,-4.743391,-0.010459,-0.008653,-4.587053,sysid
85808000,-0.014751,-0.011654,-4.743391,-0.010646,-0.008640,-4.591747,sysid
85828000,-0.014751,-0.011654,-4.743391,-0.010940,-0.008613,-4.598723,sysid
85848000,-0.014751,-0.011654,-4.743391,-0.011150,-0.008615,-4.603320,sysid
85868000,-0.014751,-0.011654,-4.743391,-0.011488,-0.008648,-4.610118,sysid
85888000,-0.014751,-0.011654,-4.743391,-0.011725,-0.008686,-4.614586,sysid
85908000,-0.014751,-0.011654,-4.743391,-0.012099,-0.008765,-4.621179,sysid
85928000,-0.014751,-0.011654,-4.743391,-0.012392,-0.008811,-4.625494,sysid
85948000,-0.014751,-0.011654,-4.743391,-0.012848,-0.008878,-4.631828,sysid
85968000,-0.014751,-0.011654,-4.743391,-0.013183,-0.008924,-4.635955,sysid
85988000,-0.014751,-0.011654,-4.743391,-0.013712,-0.009001,-4.641991,sysid
86008000,-0.014751,-0.011654,-4.743391,-0.014067,-0.009053,-4.645913,sysid
86028000,-0.014751,-0.011654,-4.743391,-0.014607,-0.009131,-4.651680,sysid
86048000,-0.014751,-0.011654,-4.743391,-0.014971,-0.009168,-4.655412,sysid
86068000,-0.014751,-0.011654,-4.743391,-0.015519,-0.009203,-4.660837,sysid
86088000,-0.014751,-0.011654,-4.743391,-0.015900,-0.009169,-4.664330,sysid
86108000,-0.014751,-0.011654,-4.743391,-0.016466,-0.009092,-4.669410,sysid
86128000,-0.014751,-0.011654,-4.743391,-0.016851,-0.009009,-4.672689,sysid
86148000,-0.014751,-0.011654,-4.743391,-0.017414,-0.008859,-4.677465,sysid
86168000,-0.014751,-0.011654,-4.743391,-0.017783,-0.008729,-4.680535,sysid
86188000,-0.014751,-0.011654,-4.743391,-0.018323,-0.008489,-4.684965,sysid
86208000,-0.014751,-0.011654,-4.743391,-0.018669,-0.008316,-4.687812,sysid
86228000,-0.014751,-0.011654,-4.743391,-0.019236,-0.007967,-4.691889,sysid
86248000,-0.014751,-0.011654,-4.743391,-0.019625,-0.007710,-4.694512,sysid
86268000,-0.014751,-0.011654,-4.743391,-0.020224,-0.007290,-4.698308,sysid
86288000,-0.014751,-0.011654,-4.743391,-0.020695,-0.006989,-4.700753,sysid
86308000,-0.014751,-0.011654,-4.743391,-0.021406,-0.006536,-4.704288,sysid
86328000,-0.014751,-0.011654,-4.743391,-0.021910,-0.006227,-4.706559,sysid
86348000,-0.014751,-0.011654,-4.743391,-0.022716,-0.005756,-4.709831,sysid
86368000,-0.014751,-0.011654,-4.743391,-0.023253,-0.005441,-4.711930,sysid
86388000,-0.014751,-0.011654,-4.743391,-0.024125,-0.005015,-4.714919,sysid
86408000,-0.014751,-0.011654,-4.743391,-0.024676,-0.004735,-4.716838,sysid
86428000,-0.014751,-0.011654,-4.743391,-0.025568,-0.004393,-4.719563,sysid
86448000,-0.014751,-0.011654,-4.743391,-0.026174,-0.004179,-4.721284,sysid
86468000,-0.014751,-0.011654,-4.743391,-0.027099,-0.003879,-4.723730,sysid
86488000,-0.014751,-0.011654,-4.743391,-0.027740,-0.003691,-4.725245,sysid
86508000,-0.014751,-0.011654,-4.743391,-0.028677,-0.003419,-4.727426,sysid
86528000,-0.014751,-0.011654,-4.743391,-0.029302,-0.003248,-4.728801,sysid
86548000,-0.014751,-0.011654,-4.743391,-0.030230,-0.003034,-4.730751,sysid
86568000,-0.014751,-0.011654,-4.743391,-0.030828,-0.002904,-4.731994,sysid
86588000,-0.014751,-0.011654,-4.743391,-0.031714,-0.002794,-4.733724,sysid
86608000,-0.014751,-0.011654,-4.743391,-0.032280,-0.002745,-4.734813,sysid
86628000,-0.014751,-0.011654,-4.743391,-0.033093,-0.002708,-4.736356,sysid
86648000,-0.014751,-0.011654,-4.743391,-0.033649,-0.002766,-4.737320,sysid
86668000,-0.014751,-0.011654,-4.743391,-0.034428,-0.002846,-4.738722,sysid
86688000,-0.014751,-0.011654,-4.743391,-0.034962,-0.002950,-4.739588,sysid
86708000,-0.014751,-0.011654,-4.743391,-0.035740,-0.003133,-4.740827,sysid
86728000,-0.014751,-0.011654,-4.743391,-0.036260,-0.003294,-4.741602,sysid
86748000,-0.014751,-0.011654,-4.743391,-0.037032,-0.003599,-4.742713,sysid
86768000,-0.014751,-0.011654,-4.743391,-0.037527,-0.003819,-4.743420,sysid
86788000,-0.014751,-0.011654,-4.743391,-0.038272,-0.004201,-4.744409,sysid
86808000,-0.014751,-0.011654,-4.743391,-0.038758,-0.004466,-4.745042,sysid
86828000,-0.014751,-0.011654,-4.743391,-0.039470,-0.004880,-4.745955,sysid
86848000,-0.014751,-0.011654,-4.743391,-0.039931,-0.005194,-4.746542,sysid
86868000,-0.014751,-0.011654,-4.743391,-0.040576,-0.005662,-4.747396,sysid
86888000,-0.014751,-0.011654,-4.743391,-0.040981,-0.005977,-4.747946,sysid
86908000,-0.014751,-0.011654,-4.743391,-0.041566,-0.006472,-4.748714,sysid
86928000,-0.014751,-0.011654,-4.743391,-0.041931,-0.006805,-4.749229,sysid
86948000,-0.014751,-0.011654,-4.743391,-0.042479,-0.007316,-4.749962,sysid
86968000,-0.014751,-0.011654,-4.743391,-0.042829,-0.007654,-4.750432,sysid
86988000,-0.014751,-0.011654,-4.743391,-0.043397,-0.008186,-4.751163,sysid
87008000,-0.014751,-0.011654,-4.743391,-0.043762,-0.008537,-4.751633,sysid
87028000,-0.014751,-0.011654,-4.743391,-0.044287,-0.009056,-4.752313,sysid
87048000,-0.014751,-0.011654,-4.743391,-0.044652,-0.009415,-4.752733,sysid
87068000,-0.014751,-0.011654,-4.743391,-0.045168,-0.009946,-4.753338,sysid
87088000,-0.014751,-0.011654,-4.743391,-0.045504,-0.010300,-4.753718,sysid
87108000,-0.014751,-0.011654,-4.743391,-0.045995,-0.010817,-4.754272,sysid
87128000,-0.014751,-0.011654,-4.743391,-0.046302,-0.011152,-4.754623,sysid
87148000,-0.014751,-0.011654,-4.743391,-0.046765,-0.011665,-4.755128,sysid
87168000,-0.014751,-0.011654,-4.743391,-0.047063,-0.012004,-4.755446,sysid
87188000,-0.014751,-0.011654,-4.743391,-0.047495,-0.012503,-4.755890,sysid
87208000,-0.014751,-0.011654,-4.743391,-0.047770,-0.012831,-4.756164,sysid
87228000,-0.014751,-0.011654,-4.743391,-0.048163,-0.013315,-4.756587,sysid
87248000,-0.014751,-0.011654,-4.743391,-0.048453,-0.013665,-4.756845,sysid
87268000,-0.014751,-0.011654,-4.743391,-0.048886,-0.014183,-4.757222,sysid
87288000,-0.014751,-0.011654,-4.743391,-0.049202,-0.014533,-4.757479,sysid
87308000,-0.014751,-0.011654,-4.743391,-0.049719,-0.015065,-4.757862,sysid
87328000,-0.014751,-0.011654,-4.743391,-0.050062,-0.015414,-4.758114,sysid
87348000,-0.014751,-0.011654,-4.743391,-0.050586,-0.015951,-4.758472,sysid
87368000,-0.014751,-0.011654,-4.743391,-0.050908,-0.016305,-4.758695,sysid
87388000,-0.014751,-0.011654,-4.743391,-0.051349,-0.016831,-4.759011,sysid
87408000,-0.014751,-0.011654,-4.743391,-0.051727,-0.017390,-4.759282,sysid
87428000,-0.014751,-0.011654,-4.743391,-0.051954,-0.017754,-4.759464,sysid
87448000,-0.014751,-0.011654,-4.743391,-0.052161,-0.018114,-4.759651,sysid
87468000,-0.014751,-0.011654,-4.743391,-0.052436,-0.018642,-4.759932,sysid
87488000,-0.014751,-0.011654,-4.743391,-0.052593,-0.018994,-4.760118,sysid
87508000,-0.014751,-0.011654,-4.743391,-0.052772,-0.019481,-4.760375,sysid
87528000,-0.014751,-0.011654,-4.743391,-0.052863,-0.019784,-4.760536,sysid
87548000,-0.014751,-0.011654,-4.743391,-0.052961,-0.020195,-4.760754,sysid
87568000,-0.014751,-0.011654,-4.743391,-0.053022,-0.020455,-4.760890,sysid
87588000,-0.014751,-0.011654,-4.743391,-0.053105,-0.020823,-4.761152,sysid
87608000,-0.014751,-0.011654,-4.743391,-0.053175,-0.021039,-4.761310,sysid
87628000,-0.014751,-0.011654,-4.743391,-0.053255,-0.021347,-4.761528,sysid
87648000,-0.014751,-0.011654,-4.743391,-0.053297,-0.021542,-4.761657,sysid
87668000,-0.014751,-0.011654,-4.743391,-0.053343,-0.021828,-4.761835,sysid
87688000,-0.014751,-0.011654,-4.743391,-0.053359,-0.022010,-4.761947,sysid
87708000,-0.014751,-0.011654,-4.743391,-0.053363,-0.022291,-4.762078,sysid
87728000,-0.014751,-0.011654,-4.743391,-0.053348,-0.022467,-4.762163,sysid
87748000,-0.014751,-0.011654,-4.743391,-0.053303,-0.022755,-4.762268,sysid
87768000,-0.014751,-0.011654,-4.743391,-0.053264,-0.022954,-4.762331,sysid
87788000,-0.014751,-0.011654,-4.743391,-0.053193,-0.023260,-4.762418,sysid
87808000,-0.014751,-0.011654,-4.743391,-0.053118,-0.023492,-4.762488,sysid
87828000,-0.014751,-0.011654,-4.743391,-0.052977,-0.023833,-4.762635,sysid
87848000,-0.014751,-0.011654,-4.743391,-0.052863,-0.024067,-4.762721,sysid
87868000,-0.014751,-0.011654,-4.743391,-0.052684,-0.024445,-4.761049,sysid
87888000,-0.014751,-0.011654,-4.743391,-0.052560,-0.024701,-4.758280,sysid
87908000,-0.014751,-0.011654,-4.743391,-0.052340,-0.025081,-4.755594,sysid
87928000,-0.014751,-0.011654,-4.743391,-0.052162,-0.025319,-4.753970,sysid
87948000,-0.014751,-0.011654,-4.743391,-0.051858,-0.025662,-4.751554,sysid
87968000,-0.014751,-0.011654,-4.743391,-0.051628,-0.025882,-4.749894,sysid
87988000,-0.014751,-0.011654,-4.743391,-0.051257,-0.026180,-4.747516,sysid
88008000,-0.014751,-0.011654,-4.743391,-0.050996,-0.026361,-4.745934,sysid
88028000,-0.014751,-0.011654,-4.743391,-0.050587,-0.026606,-4.743703,sysid
88048000,-0.014751,-0.011654,-4.683391,-0.050305,-0.026755,-4.742332,sysid
88068000,-0.014751,-0.011654,-4.683391,-0.049835,-0.026996,-4.740362,sysid
88088000,-0.014751,-0.011654,-4.683391,-0.049504,-0.027152,-4.739104,sysid
88108000,-0.014751,-0.011654,-4.683391,-0.048956,-0.027426,-4.737293,sysid
88128000,-0.014751,-0.011654,-4.683391,-0.048585,-0.027605,-4.736153,sysid
88148000,-0.014751,-0.011654,-4.683391,-0.048020,-0.027868,-4.734512,sysid
88168000,-0.014751,-0.011654,-4.683391,-0.047642,-0.028044,-4.733457,sysid
88188000,-0.014751,-0.011654,-4.683391,-0.047066,-0.028282,-4.731969,sysid
88208000,-0.014751,-0.011654,-4.683391,-0.046678,-0.028424,-4.731010,sysid
88228000,-0.014751,-0.011654,-4.683391,-0.046081,-0.028624,-4.729607,sysid
88248000,-0.014751,-0.011654,-4.683391,-0.045676,-0.028744,-4.728703,sysid
88268000,-0.014751,-0.011654,-4.683391,-0.045028,-0.028889,-4.727383,sysid
88288000,-0.014751,-0.011654,-4.683391,-0.044583,-0.028968,-4.726535,sysid
88308000,-0.014751,-0.011654,-4.683391,-0.043882,-0.029098,-4.725289,sysid
88328000,-0.014751,-0.011654,-4.683391,-0.043406,-0.029182,-4.724479,sysid
88348000,-0.014751,-0.011654,-4.683391,-0.042680,-0.029304,-4.723298,sysid
88368000,-0.014751,-0.011654,-4.683391,-0.042179,-0.029432,-4.722508,sysid
88388000,-0.014751,-0.011654,-4.683391,-0.041439,-0.029626,-4.721357,sysid
88408000,-0.014751,-0.011654,-4.683391,-0.040955,-0.029774,-4.720598,sysid
88428000,-0.014751,-0.011654,-4.683391,-0.040248,-0.030007,-4.719457,sysid
88448000,-0.014751,-0.011654,-4.683391,-0.039786,-0.030158,-4.718716,sysid
88468000,-0.014751,-0.011654,-4.683391,-0.039082,-0.030385,-4.717548,sysid
88488000,-0.014751,-0.011654,-4.683391,-0.038615,-0.030539,-4.716778,sysid
88508000,-0.014751,-0.011654,-4.683391,-0.037919,-0.030772,-4.715638,sysid
88548000,-0.014751,-0.011654,-4.683391,-0.036765,-0.031151,-4.713847,sysid
88548000,-0.014751,-0.011654,-4.683391,-0.036765,-0.031151,-4.713847,sysid
88568000,-0.014751,-0.011654,-4.683391,-0.036292,-0.031310,-4.713130,sysid
88588000,-0.014751,-0.011654,-4.683391,-0.035580,-0.031528,-4.712087,sysid
88608000,-0.014751,-0.011654,-4.683391,-0.035099,-0.031665,-4.711417,sysid
88628000,-0.014751,-0.011654,-4.683391,-0.034353,-0.031831,-4.710422,sysid
88648000,-0.014751,-0.011654,-4.683391,-0.033853,-0.031920,-4.709779,sysid
88668000,-0.014751,-0.011654,-4.683391,-0.033071,-0.032018,-4.708795,sysid
88688000,-0.014751,-0.011654,-4.683391,-0.032560,-0.032078,-4.708154,sysid
88708000,-0.014751,-0.011654,-4.683391,-0.031806,-0.032161,-4.707213,sysid
88728000,-0.014751,-0.011654,-4.683391,-0.031334,-0.032192,-4.706579,sysid
88748000,-0.014751,-0.011654,-4.683391,-0.030656,-0.032205,-4.705661,sysid
88768000,-0.014751,-0.011654,-4.683391,-0.030234,-0.032182,-4.705058,sysid
88788000,-0.014751,-0.011654,-4.683391,-0.029627,-0.032115,-4.704201,sysid
88808000,-0.014751,-0.011654,-4.683391,-0.029247,-0.032043,-4.703647,sysid
88828000,-0.014751,-0.011654,-4.683391,-0.028705,-0.031907,-4.702854,sysid
88848000,-0.014751,-0.011654,-4.683391,-0.028357,-0.031803,-4.702354,sysid
88868000,-0.014751,-0.011654,-4.683391,-0.027805,-0.031664,-4.701635,sysid
88888000,-0.014751,-0.011654,-4.683391,-0.027426,-0.031561,-4.701186,sysid
88908000,-0.014751,-0.011654,-4.683391,-0.026841,-0.031392,-4.700560,sysid
88928000,-0.014751,-0.011654,-4.683391,-0.026407,-0.031266,-4.700157,sysid
88948000,-0.014751,-0.011654,-4.683391,-0.025732,-0.031064,-4.699594,sysid
88968000,-0.014751,-0.011654,-4.683391,-0.025243,-0.030923,-4.699244,sysid
88988000,-0.014751,-0.011654,-4.683391,-0.024455,-0.030691,-4.698749,sysid
89008000,-0.014751,-0.011654,-4.683391,-0.023919,-0.030526,-4.698440,sysid
89028000,-0.014751,-0.011654,-4.683391,-0.023071,-0.030248,-4.697994,sysid
89048000,-0.014751,-0.011654,-4.683391,-0.022520,-0.030054,-4.697720,sysid
89068000,-0.014751,-0.011654,-4.683391,-0.021629,-0.029732,-4.697287,sysid
89088000,-0.014751,-0.011654,-4.683391,-0.021023,-0.029512,-4.697000,sysid
89108000,-0.014751,-0.011654,-4.683391,-0.020096,-0.029173,-4.696573,sysid
89128000,-0.014751,-0.011654,-4.683391,-0.019440,-0.028948,-4.696261,sysid
89148000,-0.014751,-0.011654,-4.683391,-0.018458,-0.028603,-4.695815,sysid
89168000,-0.014751,-0.011654,-4.683391,-0.017791,-0.028370,-4.695516,sysid
89188000,-0.014751,-0.011654,-4.683391,-0.016802,-0.028018,-4.695068,sysid
89208000,-0.014751,-0.011654,-4.683391,-0.016154,-0.027781,-4.694817,sysid
89228000,-0.014751,-0.011654,-4.683391,-0.015210,-0.027385,-4.694443,sysid
89248000,-0.014751,-0.011654,-4.683391,-0.014601,-0.027114,-4.694207,sysid
89268000,-0.014751,-0.011654,-4.683391,-0.013717,-0.026696,-4.693869,sysid
89288000,-0.014751,-0.011654,-4.683391,-0.013147,-0.026408,-4.693651,sysid
89308000,-0.014751,-0.011654,-4.683391,-0.012314,-0.025970,-4.693351,sysid
89328000,-0.014751,-0.011654,-4.683391,-0.011795,-0.025695,-4.693141,sysid
89348000,-0.014751,-0.011654,-4.683391,-0.011029,-0.025275,-4.692854,sysid
89368000,-0.014751,-0.011654,-4.683391,-0.010523,-0.024987,-4.692678,sysid
89388000,-0.014751,-0.011654,-4.683391,-0.009788,-0.024538,-4.692459,sysid
89408000,-0.014751,-0.011654,-4.683391,-0.009313,-0.024233,-4.692328,sysid
89428000,-0.014751,-0.011654,-4.683391,-0.008613,-0.023753,-4.692159,sysid
89448000,-0.014751,-0.011654,-4.683391,-0.008160,-0.023422,-4.692112,sysid
89468000,-0.014751,-0.011654,-4.683391,-0.007503,-0.022912,-4.692059,sysid
89488000,-0.014751,-0.011654,-4.683391,-0.007087,-0.022577,-4.692026,sysid
89508000,-0.014751,-0.011654,-4.683391,-0.006503,-0.022083,-4.691982,sysid
89528000,-0.014751,-0.011654,-4.683391,-0.006151,-0.021765,-4.691952,sysid
89548000,-0.014751,-0.011654,-4.683391,-0.005636,-0.021306,-4.691914,sysid
89568000,-0.014751,-0.011654,-4.683391,-0.005304,-0.021005,-4.691895,sysid
89588000,-0.014751,-0.011654,-4.683391,-0.004824,-0.020570,-4.691895,sysid
89608000,-0.014751,-0.011654,-4.683391,-0.004518,-0.020286,-4.691906,sysid
89628000,-0.014751,-0.011654,-4.683391,-0.004111,-0.019919,-4.692061,sysid
89648000,-0.014751,-0.011654,-4.683391,-0.003850,-0.019697,-4.692198,sysid
89668000,-0.014751,-0.011654,-4.683391,-0.003477,-0.019396,-4.692446,sysid
89688000,-0.014751,-0.011654,-4.683391,-0.003250,-0.019236,-4.692709,sysid
89708000,-0.014751,-0.011654,-4.683391,-0.002928,-0.019025,-4.693116,sysid
89728000,-0.014751,-0.011654,-4.683391,-0.002722,-0.018926,-4.693413,sysid
89748000,-0.014751,-0.011654,-4.683391,-0.002418,-0.018829,-4.693885,sysid
89768000,-0.014751,-0.011654,-4.683391,-0.002223,-0.018779,-4.694198,sysid
89788000,-0.014751,-0.011654,-4.683391,-0.001931,-0.018796,-4.694686,sysid
89808000,-0.014751,-0.011654,-4.683391,-0.001741,-0.018823,-4.695024,sysid
89828000,-0.014751,-0.011654,-4.683391,-0.001461,-0.018887,-4.695517,sysid
89848000,-0.014751,-0.011654,-4.683391,-0.001281,-0.018943,-4.695838,sysid
89868000,-0.014751,-0.011654,-4.683391,-0.001019,-0.019045,-4.696323,sysid
89888000,-0.014751,-0.011654,-4.683391,-0.000831,-0.019163,-4.696663,sysid
89908000,-0.014751,-0.011654,-4.683391,-0.000562,-0.019350,-4.697159,sysid
89928000,-0.014751,-0.011654,-4.683391,-0.000385,-0.019491,-4.697507,sysid
89948000,-0.014751,-0.011654,-4.683391,-0.000116,-0.019736,-4.698016,sysid
89968000,-0.014751,-0.011654,-4.683391,0.000053,-0.019906,-4.698337,sysid
89988000,-0.014751,-0.011654,-4.683391,0.000326,-0.020217,-4.698816,sysid
90008000,-0.014751,-0.011654,-4.683391,0.000501,-0.020419,-4.699119,sysid
90028000,-0.014751,-0.011654,-4.683391,0.000754,-0.020715,-4.699551,sysid
90048000,-0.014751,-0.011654,-4.683391,0.000915,-0.020907,-4.699859,sysid
90068000,-0.014751,-0.011654,-4.683391,0.001128,-0.021170,-4.700293,sysid
90088000,-0.014751,-0.011654,-4.683391,0.001248,-0.021320,-4.700573,sysid
90108000,-0.014751,-0.011654,-4.683391,0.001403,-0.021511,-4.700969,sysid
90128000,-0.014751,-0.011654,-4.683391,0.001488,-0.021602,-4.701219,sysid
90148000,-0.014751,-0.011654,-4.683391,0.001578,-0.021674,-4.701573,sysid
90168000,-0.014751,-0.011654,-4.683391,0.001618,-0.021699,-4.701807,sysid
90188000,-0.014751,-0.011654,-4.683391,0.001664,-0.021637,-4.702143,sysid
90208000,-0.014751,-0.011654,-4.683391,0.001680,-0.021568,-4.702353,sysid
90228000,-0.014751,-0.011654,-4.683391,0.001682,-0.021422,-4.702667,sysid
90248000,-0.014751,-0.011654,-4.683391,0.001667,-0.021276,-4.702884,sysid
90268000,-0.014751,-0.011654,-4.683391,0.001625,-0.021035,-4.703177,sysid
90288000,-0.014751,-0.011654,-4.683391,0.001582,-0.020842,-4.703359,sysid
90308000,-0.014751,-0.011654,-4.683391,0.001505,-0.020470,-4.703599,sysid
90328000,-0.014751,-0.011654,-4.683391,0.001443,-0.020202,-4.703738,sysid
90348000,-0.014751,-0.011654,-4.683391,0.001360,-0.019703,-4.703916,sysid
90368000,-0.014751,-0.011654,-4.683391,0.001294,-0.019378,-4.704010,sysid
90388000,-0.014751,-0.011654,-4.683391,0.001195,-0.018810,-4.704095,sysid
90408000,-0.014751,-0.011654,-4.683391,0.001137,-0.018415,-4.704146,sysid
90428000,-0.014751,-0.011654,-4.683391,0.001064,-0.017795,-4.704180,sysid
90448000,-0.014751,-0.011654,-4.683391,0.001021,-0.017359,-4.704167,sysid
90468000,-0.014751,-0.011654,-4.683391,0.000948,-0.016713,-4.704109,sysid
90488000,-0.014751,-0.011654,-4.683391,0.000895,-0.016280,-4.704037,sysid
90508000,-0.014751,-0.011654,-4.683391,0.000842,-0.015618,-4.703902,sysid
90528000,-0.014751,-0.011654,-4.683391,0.000810,-0.015179,-4.703813,sysid
90548000,-0.014751,-0.011654,-4.683391,0.000780,-0.014489,-4.703656,sysid
90568000,-0.014751,-0.011654,-4.683391,0.000758,-0.014008,-4.703546,sysid
90588000,-0.014751,-0.011654,-4.683391,0.000720,-0.013259,-4.703374,sysid
90608000,-0.014751,-0.011654,-4.683391,0.000710,-0.012714,-4.703271,sysid
90628000,-0.014751,-0.011654,-4.683391,0.000683,-0.011922,-4.703099,sysid
90648000,-0.014751,-0.011654,-4.683391,0.000696,-0.011348,-4.703007,sysid
90668000,-0.014751,-0.011654,-4.683391,0.000704,-0.010490,-4.702863,sysid
90688000,-0.014751,-0.011654,-4.683391,0.000704,-0.009903,-4.702770,sysid
90708000,-0.014751,-0.011654,-4.683391,0.000688,-0.009015,-4.702623,sysid
90728000,-0.014751,-0.011654,-4.683391,0.000669,-0.008430,-4.702518,sysid
90748000,-0.014751,-0.011654,-4.683391,0.000631,-0.007548,-4.702371,sysid
90768000,-0.014751,-0.011654,-4.683391,0.000599,-0.006968,-4.702281,sysid
90788000,-0.014751,-0.011654,-4.683391,0.000543,-0.006112,-4.702157,sysid
90808000,-0.014751,-0.011654,-4.683391,0.000515,-0.005531,-4.702101,sysid
90828000,-0.014751,-0.011654,-4.683391,0.000467,-0.004672,-4.702023,sysid
90848000,-0.014751,-0.011654,-4.683391,0.000432,-0.004098,-4.701991,sysid
90868000,-0.014751,-0.011654,-4.683391,0.000372,-0.003222,-4.701983,sysid
90888000,-0.014751,-0.011654,-4.683391,0.000328,-0.002647,-4.701983,sysid
90908000,-0.014751,-0.011654,-4.683391,0.000223,-0.001782,-4.702014,sysid
90928000,-0.014751,-0.011654,-4.683391,0.000140,-0.001218,-4.702035,sysid
90948000,-0.014751,-0.011654,-4.683391,-0.000061,-0.000335,-4.702123,sysid
90968000,-0.014751,-0.011654,-4.683391,-0.000200,0.000239,-4.702183,sysid
90988000,-0.014751,-0.011654,-4.683391,-0.000418,0.001077,-4.702274,sysid
91008000,-0.014751,-0.011654,-4.683391,-0.000554,0.001619,-4.702401,sysid
91028000,-0.014751,-0.011654,-4.683391,-0.000737,0.002410,-4.702573,sysid
91048000,-0.014751,-0.011654,-4.683391,-0.000833,0.002929,-4.702685,sysid
91068000,-0.014751,-0.011654,-4.683391,-0.000934,0.003689,-4.702894,sysid
91088000,-0.014751,-0.011654,-4.683391,-0.000990,0.004176,-4.703017,sysid
91108000,-0.014751,-0.011654,-4.683391,-0.001092,0.004884,-4.703160,sysid
91128000,-0.014751,-0.011654,-4.683391,-0.001173,0.005347,-4.703242,sysid
91148000,-0.014751,-0.011654,-4.683391,-0.001312,0.006022,-4.703345,sysid
91168000,-0.014751,-0.011654,-4.683391,-0.001422,0.006457,-4.703400,sysid
91188000,-0.014751,-0.011654,-4.683391,-0.001611,0.007091,-4.703460,sysid
91208000,-0.014751,-0.011654,-4.683391,-0.001758,0.007489,-4.703468,sysid
91228000,-0.014751,-0.011654,-4.683391,-0.001985,0.008043,-4.703454,sysid
91248000,-0.014751,-0.011654,-4.683391,-0.002143,0.008377,-4.703433,sysid
91268000,-0.014751,-0.011654,-4.683391,-0.002387,0.008835,-4.703374,sysid
91288000,-0.014751,-0.011654,-4.683391,-0.002554,0.009115,-4.703320,sysid
91308000,-0.014751,-0.011654,-4.683391,-0.002852,0.009503,-4.703211,sysid
91328000,-0.014751,-0.011654,-4.683391,-0.003060,0.009747,-4.703126,sysid
91348000,-0.014751,-0.011654,-4.683391,-0.003388,0.010089,-4.702978,sysid
91368000,-0.014751,-0.011654,-4.683391,-0.003602,0.010297,-4.702883,sysid
91388000,-0.014751,-0.011654,-4.683391,-0.003913,0.010579,-4.702732,sysid
91408000,-0.014751,-0.011654,-4.683391,-0.004108,0.010749,-4.702629,sysid
91428000,-0.014751,-0.011654,-4.683391,-0.004397,0.010978,-4.702460,sysid
91448000,-0.014751,-0.011654,-4.683391,-0.004582,0.011118,-4.702341,sysid
91468000,-0.014751,-0.011654,-4.683391,-0.004827,0.011321,-4.702161,sysid
91488000,-0.014751,-0.011654,-4.683391,-0.004983,0.011445,-4.702038,sysid
91508000,-0.014751,-0.011654,-4.683391,-0.005222,0.011597,-4.701844,sysid
91528000,-0.014751,-0.011654,-4.683391,-0.005376,0.011678,-4.701712,sysid
91548000,-0.014751,-0.011654,-4.683391,-0.005601,0.011766,-4.701529,sysid
91568000,-0.014751,-0.011654,-4.683391,-0.005752,0.011803,-4.701408,sysid
91588000,-0.014751,-0.011654,-4.683391,-0.005976,0.011835,-4.701225,sysid
91608000,-0.014751,-0.011654,-4.683391,-0.006123,0.011841,-4.701124,sysid
91628000,-0.014751,-0.011654,-4.683391,-0.006334,0.011852,-4.700975,sysid
91648000,-0.014751,-0.011654,-4.683391,-0.006473,0.011853,-4.700871,sysid
91668000,-0.014751,-0.011654,-4.683391,-0.006640,0.011869,-4.700696,sysid
91688000,-0.014751,-0.011654,-4.683391,-0.006754,0.011864,-4.700572,sysid
91708000,-0.014751,-0.011654,-4.683391,-0.006936,0.011873,-4.700353,sysid
91728000,-0.014751,-0.011654,-4.683391,-0.007061,0.011865,-4.700199,sysid
91748000,-0.014751,-0.011654,-4.683391,-0.007252,0.011833,-4.699960,sysid
91768000,-0.014751,-0.011654,-4.683391,-0.007384,0.011803,-4.699796,sysid
91788000,-0.014751,-0.011654,-4.683391,-0.007574,0.011747,-4.699542,sysid
91808000,-0.014751,-0.011654,-4.683391,-0.007688,0.011708,-4.699365,sysid
91828000,-0.014751,-0.011654,-4.683391,-0.007855,0.011652,-4.699072,sysid
91848000,-0.014751,-0.011654,-4.683391,-0.007967,0.011607,-4.698876,sysid
91868000,-0.014751,-0.011654,-4.683391,-0.008130,0.011555,-4.698561,sysid
91888000,-0.014751,-0.011654,-4.683391,-0.008247,0.011506,-4.698342,sysid
91908000,-0.014751,-0.011654,-4.683391,-0.008435,0.011418,-4.698009,sysid
91928000,-0.014751,-0.011654,-4.683391,-0.008558,0.011367,-4.697774,sysid
91948000,-0.014751,-0.011654,-4.683391,-0.008744,0.011273,-4.697425,sysid
91968000,-0.014751,-0.011654,-4.683391,-0.008873,0.011222,-4.697178,sysid
91988000,-0.014751,-0.011654,-4.683391,-0.009081,0.011147,-4.696810,sysid
92008000,-0.014751,-0.011654,-4.683391,-0.009238,0.011110,-4.696566,sysid
92028000,-0.014751,-0.011654,-4.683391,-0.009499,0.011080,-4.696220,sysid
92048000,-0.014751,-0.011654,-4.683391,-0.009680,0.011059,-4.695998,sysid
92068000,-0.014751,-0.011654,-4.683391,-0.010020,0.011057,-4.695680,sysid
92088000,-0.014751,-0.011654,-4.683391,-0.010261,0.011036,-4.695473,sysid
92108000,-0.014751,-0.011654,-4.683391,-0.010642,0.010975,-4.695160,sysid
92128000,-0.014751,-0.011654,-4.683391,-0.010907,0.010925,-4.694950,sysid
92148000,-0.014751,-0.011654,-4.683391,-0.011288,0.010839,-4.694651,sysid
92168000,-0.014751,-0.011654,-4.683391,-0.011525,0.010779,-4.694452,sysid
92188000,-0.014751,-0.011654,-4.683391,-0.011877,0.010700,-4.694149,sysid
92208000,-0.014751,-0.011654,-4.683391,-0.012109,0.010645,-4.693949,sysid
92228000,-0.014751,-0.011654,-4.683391,-0.012470,0.010563,-4.693660,sysid
92248000,-0.014751,-0.011654,-4.683391,-0.012713,0.010503,-4.693471,sysid
92268000,-0.014751,-0.011654,-4.683391,-0.013079,0.010451,-4.693200,sysid
92288000,-0.014751,-0.011654,-4.683391,-0.013321,0.010420,-4.693015,sysid
92308000,-0.014751,-0.011654,-4.683391,-0.013680,0.010375,-4.692733,sysid
92328000,-0.014751,-0.011654,-4.683391,-0.013904,0.010366,-4.692557,sysid
92348000,-0.014751,-0.011654,-4.683391,-0.014226,0.010347,-4.692297,sysid
92368000,-0.014751,-0.011654,-4.683391,-0.014428,0.010337,-4.692125,sysid
92388000,-0.014751,-0.011654,-4.683391,-0.014707,0.010322,-4.691868,sysid
92408000,-0.014751,-0.011654,-4.683391,-0.014882,0.010305,-4.691698,sysid
92428000,-0.014751,-0.011654,-4.683391,-0.015096,0.010289,-4.691451,sysid
92448000,-0.014751,-0.011654,-4.683391,-0.015217,0.010263,-4.691296,sysid
92468000,-0.014751,-0.011654,-4.683391,-0.015368,0.010201,-4.691058,sysid
92488000,-0.014751,-0.011654,-4.683391,-0.015448,0.010139,-4.690901,sysid
92508000,-0.014751,-0.011654,-4.683391,-0.015538,0.010018,-4.690667,sysid
92528000,-0.014751,-0.011654,-4.683391,-0.015581,0.009921,-4.690527,sysid
92548000,-0.014751,-0.011654,-4.683391,-0.015648,0.009766,-4.690338,sysid
92568000,-0.014751,-0.011654,-4.683391,-0.015696,0.009658,-4.690232,sysid
92588000,-0.014751,-0.011654,-4.683391,-0.015771,0.009484,-4.690052,sysid
92608000,-0.014751,-0.011654,-4.683391,-0.015820,0.009358,-4.689927,sysid
92628000,-0.014751,-0.011654,-4.683391,-0.015930,0.009150,-4.689710,sysid
92648000,-0.014751,-0.011654,-4.683391,-0.016004,0.009004,-4.689559,sysid
92668000,-0.014751,-0.011654,-4.683391,-0.016115,0.008774,-4.689321,sysid
92688000,-0.014751,-0.011654,-4.683391,-0.016184,0.008625,-4.689133,sysid
92708000,-0.014751,-0.011654,-4.683391,-0.016286,0.008370,-4.688845,sysid
92728000,-0.014751,-0.011654,-4.683391,-0.016358,0.008167,-4.688641,sysid
92748000,-0.014751,-0.011654,-4.683391,-0.016454,0.007831,-4.688389,sysid
92768000,-0.014751,-0.011654,-4.683391,-0.016508,0.007573,-4.688217,sysid
92788000,-0.014751,-0.011654,-4.683391,-0.016574,0.007147,-4.687951,sysid
92808000,-0.014751,-0.011654,-4.683391,-0.016614,0.006849,-4.687787,sysid
92828000,-0.014751,-0.011654,-4.683391,-0.016654,0.006381,-4.687508,sysid
92848000,-0.014751,-0.011654,-4.683391,-0.016683,0.006070,-4.687318,sysid
92868000,-0.014751,-0.011654,-4.683391,-0.016729,0.005605,-4.687081,sysid
92888000,-0.014751,-0.011654,-4.683391,-0.016778,0.005311,-4.686921,sysid
92908000,-0.014751,-0.011654,-4.683391,-0.016869,0.004877,-4.686692,sysid
92928000,-0.014751,-0.011654,-4.683391,-0.016952,0.004604,-4.686553,sysid
92948000,-0.014751,-0.011654,-4.683391,-0.017126,0.004203,-4.686345,sysid
92968000,-0.014751,-0.011654,-4.683391,-0.017257,0.003937,-4.686211,sysid
92988000,-0.014751,-0.011654,-4.683391,-0.017517,0.003531,-4.686014,sysid
93008000,-0.014751,-0.011654,-4.683391,-0.017687,0.003257,-4.685890,sysid
93028000,-0.014751,-0.011654,-4.683391,-0.017993,0.002855,-4.685702,sysid
93048000,-0.014751,-0.011654,-4.683391,-0.018198,0.002583,-4.685586,sysid
93068000,-0.014751,-0.011654,-4.683391,-0.018508,0.002170,-4.685424,sysid
93088000,-0.014751,-0.011654,-4.683391,-0.018718,0.001893,-4.685333,sysid
93108000,-0.014751,-0.011654,-4.683391,-0.019034,0.001473,-4.685242,sysid
93128000,-0.014751,-0.011654,-4.683391,-0.019252,0.001194,-4.685197,sysid
93148000,-0.014751,-0.011654,-4.683391,-0.019570,0.000770,-4.685168,sysid
93168000,-0.014751,-0.011654,-4.683391,-0.019777,0.000484,-4.685162,sysid
93188000,-0.014751,-0.011654,-4.683391,-0.020056,0.000029,-4.685182,sysid
93208000,-0.014751,-0.011654,-4.683391,-0.020226,-0.000287,-4.685209,sysid
93228000,-0.014751,-0.011654,-4.683391,-0.020457,-0.000780,-4.685269,sysid
93248000,-0.014751,-0.011654,-4.683391,-0.020610,-0.001279,-4.685362,sysid
93268000,-0.014751,-0.011654,-4.683391,-0.020712,-0.001611,-4.685421,sysid
93288000,-0.014751,-0.011654,-4.683391,-0.020751,-0.001957,-4.685502,sysid
93308000,-0.014751,-0.011654,-4.683391,-0.020800,-0.002481,-4.685621,sysid
93328000,-0.014751,-0.011654,-4.683391,-0.020820,-0.002834,-4.685699,sysid
93348000,-0.014751,-0.011654,-4.683391,-0.020838,-0.003389,-4.685830,sysid
93368000,-0.014751,-0.011654,-4.683391,-0.020846,-0.003764,-4.685912,sysid
93388000,-0.014751,-0.011654,-4.683391,-0.020809,-0.004354,-4.686051,sysid
93408000,-0.014751,-0.011654,-4.683391,-0.020784,-0.004746,-4.686141,sysid
93428000,-0.014751,-0.011654,-4.683391,-0.020745,-0.005333,-4.686270,sysid
93448000,-0.014751,-0.011654,-4.683391,-0.020722,-0.005707,-4.686373,sysid
93468000,-0.014751,-0.011654,-4.683391,-0.020692,-0.006233,-4.686517,sysid
93488000,-0.014751,-0.011654,-4.683391,-0.020677,-0.006546,-4.686607,sysid
93508000,-0.014751,-0.011654,-4.683391,-0.020643,-0.006959,-4.686749,sysid
93528000,-0.014751,-0.011654,-4.683391,-0.020617,-0.007215,-4.686842,sysid
93548000,-0.014751,-0.011654,-4.683391,-0.020537,-0.007564,-4.686965,sysid
93568000,-0.014751,-0.011654,-4.683391,-0.020471,-0.007785,-4.687040,sysid
93588000,-0.014751,-0.011654,-4.683391,-0.020365,-0.008077,-4.687153,sysid
93608000,-0.014751,-0.011654,-4.683391,-0.020298,-0.008263,-4.687228,sysid
93628000,-0.014751,-0.011654,-4.683391,-0.020205,-0.008529,-4.687340,sysid
93648000,-0.014751,-0.011654,-4.683391,-0.020135,-0.008701,-4.687416,sysid
93668000,-0.014751,-0.011654,-4.683391,-0.020025,-0.008956,-4.687521,sysid
93688000,-0.014751,-0.011654,-4.683391,-0.019944,-0.009126,-4.687589,sysid
93708000,-0.014751,-0.011654,-4.683391,-0.019819,-0.009400,-4.687697,sysid
93728000,-0.014751,-0.011654,-4.683391,-0.019736,-0.009588,-4.687764,sysid
93748000,-0.014751,-0.011654,-4.683391,-0.019613,-0.009916,-4.687829,sysid
93768000,-0.014751,-0.011654,-4.683391,-0.019527,-0.010144,-4.687851,sysid
93788000,-0.014751,-0.011654,-4.683391,-0.019392,-0.010497,-4.687856,sysid
93808000,-0.014751,-0.011654,-4.683391,-0.019294,-0.010748,-4.687844,sysid
93828000,-0.014751,-0.011654,-4.683391,-0.019136,-0.011150,-4.687801,sysid
93848000,-0.014751,-0.011654,-4.683391,-0.019009,-0.011442,-4.687758,sysid
93868000,-0.014751,-0.011654,-4.683391,-0.018823,-0.011888,-4.687688,sysid
93888000,-0.014751,-0.011654,-4.683391,-0.018704,-0.012206,-4.687633,sysid
93908000,-0.014751,-0.011654,-4.683391,-0.018522,-0.012727,-4.687534,sysid
93928000,-0.014751,-0.011654,-4.683391,-0.018402,-0.013083,-4.687466,sysid
93948000,-0.014751,-0.011654,-4.683391,-0.018200,-0.013679,-4.687329,sysid
93968000,-0.014751,-0.011654,-4.683391,-0.018061,-0.014080,-4.687225,sysid
93988000,-0.014751,-0.011654,-4.683391,-0.017849,-0.014687,-4.687050,sysid
94008000,-0.014751,-0.011654,-4.683391,-0.017721,-0.015073,-4.686912,sysid
94028000,-0.014751,-0.011654,-4.683391,-0.017534,-0.015629,-4.686719,sysid
94048000,-0.014751,-0.011654,-4.683391,-0.017411,-0.015980,-4.686603,sysid
94068000,-0.014751,-0.011654,-4.683391,-0.017220,-0.016468,-4.686443,sysid
94088000,-0.014751,-0.011654,-4.683391,-0.017079,-0.016753,-4.686352,sysid
94108000,-0.014751,-0.011654,-4.683391,-0.016821,-0.017113,-4.686249,sysid
94128000,-0.014751,-0.011654,-4.683391,-0.016640,-0.017326,-4.686208,sysid
94148000,-0.014751,-0.011654,-4.683391,-0.016341,-0.017538,-4.686162,sysid
94168000,-0.014751,-0.011654,-4.683391,-0.016140,-0.017634,-4.686140,sysid
94188000,-0.014751,-0.011654,-4.683391,-0.015837,-0.017715,-4.686118,sysid
94208000,-0.014751,-0.011654,-4.683391,-0.015618,-0.017686,-4.686104,sysid
94228000,-0.014751,-0.011654,-4.683391,-0.015287,-0.017595,-4.686079,sysid
94248000,-0.014751,-0.011654,-4.683391,-0.015058,-0.017469,-4.686054,sysid
94268000,-0.014751,-0.011654,-4.683391,-0.014699,-0.017210,-4.686004,sysid
94288000,-0.014751,-0.011654,-4.683391,-0.014461,-0.017017,-4.685967,sysid
94308000,-0.014751,-0.011654,-4.683391,-0.014080,-0.016625,-4.685907,sysid
94328000,-0.014751,-0.011654,-4.683391,-0.013839,-0.016368,-4.685869,sysid
94348000,-0.014751,-0.011654,-4.683391,-0.013468,-0.015950,-4.685812,sysid
94368000,-0.014751,-0.011654,-4.683391,-0.013229,-0.015679,-4.685825,sysid
94388000,-0.014751,-0.011654,-4.683391,-0.012884,-0.015282,-4.685836,sysid
94408000,-0.014751,-0.011654,-4.683391,-0.012654,-0.015037,-4.685825,sysid
94428000,-0.014751,-0.011654,-4.683391,-0.012303,-0.014685,-4.685837,sysid
94448000,-0.014751,-0.011654,-4.683391,-0.012053,-0.014468,-4.685833,sysid
94468000,-0.014751,-0.011654,-4.683391,-0.011679,-0.014172,-4.685794,sysid
94488000,-0.014751,-0.011654,-4.683391,-0.011435,-0.013984,-4.685757,sysid
94508000,-0.014751,-0.011654,-4.683391,-0.011037,-0.013709,-4.685691,sysid
94528000,-0.014751,-0.011654,-4.683391,-0.010764,-0.013520,-4.685641,sysid
94548000,-0.014751,-0.011654,-4.683391,-0.010342,-0.013233,-4.685557,sysid
